2.291999999999999767e-03 2.072728449999999611e+03 4.110232870000000105e+01
2.461999999999999345e-03 1.667007260000000088e+03 2.858562249999999949e+01
2.631999999999999357e-03 1.370434980000000451e+03 2.143354860000000173e+01
2.801999999999999370e-03 1.074221610000000283e+03 1.593974389999999985e+01
2.970999999999998815e-03 8.841400720000002593e+02 1.237625219999999970e+01
3.141000000000000996e-03 7.419972579999997606e+02 1.045790030000000037e+01
3.311000000000000575e-03 6.419119409999999561e+02 8.800367780000000195e+00
3.481000000000000587e-03 5.561643610000002127e+02 7.921950029999999643e+00
3.650999999999999732e-03 4.809549929999999449e+02 6.949138650000000084e+00
3.820000000000001346e-03 4.146562969999998245e+02 6.303922720000000091e+00
3.990000000000001358e-03 3.827404429999998570e+02 5.945802519999999980e+00
4.160000000000000503e-03 3.445436569999998824e+02 5.429379110000000175e+00
4.330000000000001383e-03 3.072430400000000077e+02 5.149864899999999857e+00
4.498999999999999527e-03 2.973614789999999743e+02 4.868473749999999711e+00
4.668999999999997805e-03 2.773211059999999293e+02 4.642564189999999869e+00
4.839000000000002154e-03 2.574149320000001353e+02 4.385601109999999636e+00
5.009000000000003033e-03 2.331142640000000767e+02 4.089604490000000148e+00
5.178999999999999576e-03 2.232196720000001164e+02 3.951489669999999954e+00
5.347999999999998588e-03 2.156421820000000480e+02 3.792490299999999870e+00
5.518000000000000335e-03 1.997793189999999584e+02 3.657820919999999809e+00
5.688000000000000347e-03 1.927796039999999493e+02 3.463390270000000104e+00
5.858000000000001227e-03 1.790842899999999247e+02 3.282169580000000142e+00
6.027999999999998637e-03 1.820721550000000093e+02 3.317681490000000011e+00
6.197000000000001119e-03 1.671749869999999305e+02 3.119514559999999825e+00
6.367000000000001998e-03 1.648817470000000185e+02 3.060495420000000077e+00
6.536999999999999408e-03 1.561995180000000971e+02 2.919312979999999946e+00
6.707000000000002023e-03 1.499554590000000474e+02 2.827377970000000129e+00
6.877000000000001168e-03 1.455566929999999388e+02 2.737969300000000050e+00
7.045999999999998445e-03 1.478738309999999672e+02 2.744124830000000070e+00
7.216000000000001059e-03 1.431778579999999863e+02 2.699179850000000158e+00
7.386000000000001071e-03 1.323722389999999507e+02 2.515594890000000028e+00
7.556000000000001084e-03 1.338714469999999608e+02 2.525580319999999990e+00
7.726000000000001096e-03 1.213895230000000396e+02 2.382731800000000177e+00
7.895000000000002710e-03 1.219891120000000200e+02 2.327468909999999891e+00
8.064999999999999253e-03 1.187310140000000018e+02 2.311977510000000180e+00
8.235000000000002734e-03 1.141343030000000169e+02 2.208673319999999940e+00
8.404999999999997543e-03 1.131745320000000135e+02 2.214942119999999903e+00
8.574000000000000024e-03 1.122957650000000598e+02 2.160001390000000132e+00
8.743999999999996567e-03 1.097092010000000357e+02 2.096915469999999893e+00
8.913999999999996579e-03 1.052150800000000004e+02 2.072109619999999985e+00
9.083999999999996591e-03 1.052459060000000619e+02 2.013971510000000187e+00
9.254000000000001808e-03 1.005388309999999592e+02 1.992032229999999959e+00
9.422999999999995616e-03 1.028128509999999665e+02 1.968850180000000005e+00
9.593000000000002567e-03 1.042399289999999894e+02 1.968459909999999979e+00
9.762999999999997375e-03 9.663868679999998790e+01 1.898822709999999914e+00
9.933000000000006061e-03 9.399422830000000317e+01 1.830161839999999929e+00
1.010299999999999913e-02 9.112510249999998280e+01 1.795144550000000061e+00
1.027200000000000162e-02 9.264509590000001538e+01 1.783873590000000009e+00
1.044200000000000163e-02 9.325445990000001473e+01 1.785086020000000051e+00
1.061200000000000164e-02 9.075235860000000798e+01 1.755452089999999910e+00
1.078200000000000165e-02 8.860859719999999129e+01 1.717543599999999948e+00
1.095199999999999819e-02 8.681333690000001013e+01 1.675590850000000076e+00
1.112099999999999894e-02 8.693025839999998539e+01 1.663097770000000031e+00
1.129099999999999722e-02 8.546532949999998152e+01 1.648597290000000104e+00
1.146100000000000070e-02 8.441890510000001768e+01 1.615499699999999983e+00
1.163100000000000071e-02 8.199711350000001175e+01 1.592762110000000009e+00
1.180000000000000319e-02 7.832392950000001974e+01 1.539852959999999937e+00
1.197000000000000321e-02 7.795280719999998098e+01 1.524003219999999992e+00
1.213999999999999801e-02 7.679957199999998352e+01 1.503303739999999999e+00
1.231000000000000150e-02 7.649110990000001209e+01 1.484711120000000051e+00
1.247999999999999977e-02 7.531650789999999063e+01 1.474415859999999912e+00
1.264899999999999879e-02 7.122739950000000420e+01 1.414097570000000026e+00
1.281900000000000400e-02 7.015722710000000006e+01 1.402613169999999965e+00
1.298900000000000055e-02 7.077521109999999283e+01 1.397128310000000040e+00
1.315900000000000056e-02 6.691988160000001074e+01 1.333143799999999990e+00
1.332899999999999884e-02 6.586964690000000644e+01 1.339390859999999961e+00
1.349799999999999785e-02 6.176320299999999719e+01 1.275334779999999890e+00
1.366800000000000133e-02 6.079784929999999576e+01 1.261956539999999904e+00
1.383799999999999614e-02 6.083292570000000410e+01 1.249157360000000105e+00
1.400799999999999788e-02 5.940514509999999149e+01 1.222985879999999970e+00
1.417800000000000137e-02 5.693353699999998696e+01 1.209281920000000010e+00
1.434700000000000038e-02 5.377279209999998955e+01 1.147455569999999980e+00
1.451699999999999866e-02 5.414533510000000405e+01 1.157773670000000088e+00
1.468699999999999867e-02 5.113273569999999779e+01 1.116573610000000105e+00
1.485699999999999868e-02 4.957084990000000602e+01 1.087449569999999976e+00
1.502699999999999869e-02 4.654009089999999560e+01 1.064034350000000018e+00
1.519600000000000291e-02 4.391102800000000173e+01 1.001676819999999912e+00
1.536599999999999772e-02 4.413184099999999432e+01 1.019002919999999923e+00
1.553600000000000293e-02 4.176198400000000532e+01 9.783458680000000074e-01
1.570599999999999774e-02 4.033094210000000146e+01 9.503405099999999717e-01
1.587500000000000022e-02 3.981218450000000786e+01 9.573774000000000450e-01
1.604500000000000023e-02 3.926931530000000947e+01 9.307134910000000039e-01
1.621499999999999678e-02 3.684426059999999836e+01 9.041582040000000209e-01
1.638499999999999679e-02 3.651169990000001064e+01 8.904394730000000369e-01
1.655500000000000027e-02 3.506593700000000524e+01 8.667933780000000032e-01
1.672399999999999581e-02 3.381887030000000749e+01 8.521637279999999537e-01
1.689400000000000276e-02 3.240308150000000609e+01 8.273859930000000418e-01
1.706399999999999931e-02 3.178883470000000244e+01 8.215268730000000463e-01
1.723399999999999932e-02 3.046167700000000167e+01 8.044649139999999754e-01
1.740399999999999933e-02 3.102624970000000459e+01 8.140198929999999944e-01
1.757299999999999487e-02 3.022909560000000440e+01 8.157275219999999827e-01
1.774299999999999836e-02 2.908177640000000252e+01 7.978224259999999735e-01
1.791300000000000184e-02 2.818659569999999803e+01 7.872454020000000385e-01
1.808299999999999838e-02 2.636382690000000295e+01 7.625586109999999973e-01
1.825300000000000186e-02 2.652750759999999275e+01 7.680893819999999872e-01
1.842200000000000087e-02 2.511483659999999674e+01 7.419062490000000176e-01
1.859200000000000089e-02 2.568779879999999594e+01 7.542564640000000153e-01
1.876199999999999743e-02 2.443146460000000530e+01 7.299797399999999881e-01
1.893200000000000438e-02 2.402867390000000469e+01 7.276679160000000257e-01
1.910200000000000092e-02 2.274285569999999979e+01 7.091557649999999935e-01
1.927099999999999647e-02 2.206143269999999745e+01 6.931860779999999833e-01
1.944099999999999648e-02 2.264247979999999671e+01 7.068455829999999995e-01
1.961099999999999649e-02 2.187160429999999778e+01 6.869183370000000455e-01
1.978099999999999997e-02 2.149083960000000459e+01 6.813453569999999848e-01
1.994999999999999551e-02 2.096880280000000241e+01 6.799288129999999652e-01
2.012000000000000247e-02 2.068988979999999600e+01 6.649916019999999595e-01
2.028999999999999901e-02 2.152600410000000508e+01 6.829514580000000112e-01
2.046000000000000249e-02 1.987784369999999612e+01 6.500280290000000072e-01
2.062999999999999903e-02 1.958694150000000178e+01 6.452500869999999722e-01
2.079900000000000151e-02 2.030293869999999501e+01 6.618669149999999446e-01
2.096900000000000153e-02 1.997471739999999940e+01 6.464302189999999726e-01
2.113899999999999807e-02 1.924591509999999772e+01 6.416528139999999603e-01
2.130899999999999461e-02 1.859381439999999941e+01 6.266224150000000437e-01
2.147900000000000156e-02 1.853642969999999579e+01 6.220560450000000019e-01
2.164800000000000058e-02 1.793358969999999886e+01 6.119261390000000356e-01
2.181800000000000406e-02 1.811661709999999559e+01 6.142676369999999775e-01
2.198799999999999713e-02 1.876766939999999906e+01 6.264142520000000047e-01
2.215800000000000061e-02 1.819605729999999966e+01 6.129710390000000508e-01
2.232799999999999715e-02 1.666558169999999706e+01 5.884101080000000428e-01
2.249699999999999617e-02 1.771234199999999603e+01 6.028970329999999711e-01
2.266700000000000312e-02 1.711111319999999481e+01 5.840780850000000246e-01
2.283699999999999619e-02 1.713074070000000049e+01 5.938405860000000036e-01
2.300699999999999967e-02 1.636842800000000508e+01 5.759764619999999669e-01
2.317699999999999622e-02 1.568505570000000304e+01 5.672437550000000162e-01
2.334599999999999870e-02 1.637281829999999516e+01 5.718264440000000448e-01
2.351599999999999871e-02 1.350133639999999602e+01 5.186054570000000474e-01
2.368599999999999872e-02 1.476785219999999654e+01 5.382422900000000121e-01
2.385599999999999873e-02 1.552330369999999959e+01 5.376668340000000379e-01
2.402500000000000122e-02 1.421419909999999831e+01 5.149008210000000085e-01
2.419499999999999776e-02 1.372443499999999794e+01 4.961861519999999914e-01
2.436500000000000124e-02 1.361482870000000034e+01 4.960028109999999879e-01
2.453499999999999778e-02 1.255250560000000171e+01 4.644739230000000108e-01
2.470500000000000126e-02 1.260820989999999853e+01 4.690597639999999902e-01
2.487399999999999334e-02 1.287321609999999872e+01 4.683383079999999810e-01
2.504400000000000376e-02 1.141391439999999946e+01 4.408695779999999842e-01
2.521400000000000724e-02 1.096971129999999839e+01 4.294664590000000226e-01
2.538400000000000725e-02 1.149438719999999847e+01 4.332696140000000251e-01
2.555400000000000726e-02 1.001738630000000185e+01 4.055558479999999966e-01
2.572300000000000281e-02 1.032798179999999988e+01 4.096415090000000148e-01
2.589300000000000282e-02 9.714277540000001210e+00 3.967204440000000054e-01
2.606299999999999936e-02 9.500641010000000719e+00 3.889276309999999959e-01
2.623300000000000284e-02 9.045759040000000084e+00 3.773642179999999735e-01
2.640300000000000286e-02 8.396701110000000412e+00 3.654421270000000055e-01
2.657199999999999493e-02 7.570915659999999825e+00 3.453436679999999925e-01
2.674199999999999841e-02 7.643692789999999349e+00 3.420062030000000086e-01
2.691200000000000189e-02 7.737297060000000393e+00 3.457735900000000195e-01
2.708200000000000190e-02 6.642444109999999569e+00 3.176980309999999919e-01
2.725100000000000092e-02 6.421581999999999013e+00 3.125596400000000274e-01
2.742100000000000093e-02 6.417057869999999831e+00 3.097843690000000039e-01
2.759099999999999400e-02 5.408011700000000310e+00 2.835470110000000155e-01
2.776100000000000789e-02 5.141345379999998855e+00 2.728701689999999958e-01
2.793100000000000097e-02 4.530821280000000506e+00 2.598431480000000238e-01
2.809999999999999304e-02 4.846160140000000283e+00 2.645384390000000141e-01
2.826999999999999652e-02 4.323610990000000598e+00 2.485397089999999976e-01
2.843999999999999653e-02 4.353529499999999608e+00 2.505917069999999969e-01
2.861000000000000001e-02 3.970321000000000655e+00 2.357192929999999964e-01
2.878000000000000350e-02 3.441024189999999372e+00 2.267906859999999913e-01
2.903400000000000078e-02 3.302341510000000202e+00 4.650327440000000256e-02
2.937400000000000080e-02 2.889873839999999916e+00 4.318354509999999813e-02
2.971299999999999983e-02 2.525661910000000177e+00 3.980829369999999701e-02
3.005299999999999985e-02 2.170181780000000060e+00 3.770998670000000330e-02
3.039300000000000335e-02 2.025145900000000054e+00 3.537740209999999663e-02
3.073199999999999890e-02 1.709693619999999914e+00 3.311734000000000205e-02
3.107199999999999199e-02 1.521393629999999941e+00 3.101086470000000150e-02
3.141100000000000142e-02 1.351640230000000109e+00 2.890280070000000173e-02
3.175100000000000838e-02 1.135375030000000063e+00 2.715990199999999966e-02
3.209000000000000741e-02 1.063927150000000044e+00 2.539579980000000042e-02
3.243000000000000049e-02 9.459886530000000127e-01 2.485480220000000143e-02
3.277000000000000052e-02 8.821576410000000479e-01 2.316117690000000021e-02
3.310900000000000648e-02 7.800908760000000441e-01 2.223949149999999986e-02
3.344899999999999957e-02 7.229426380000000263e-01 2.149934360000000169e-02
3.378799999999999165e-02 6.887471800000000144e-01 2.045291080000000150e-02
3.412799999999999861e-02 6.213877399999999662e-01 2.012514309999999945e-02
3.446800000000000558e-02 5.903678759999999581e-01 1.910975050000000147e-02
3.480699999999999766e-02 5.868314759999999630e-01 2.006797440000000071e-02
3.514700000000000463e-02 5.740123759999999908e-01 1.988578980000000121e-02
3.548599999999999671e-02 6.260667760000000470e-01 2.020041339999999880e-02
3.582599999999998980e-02 5.632250810000000163e-01 2.005115609999999840e-02
3.616500000000000270e-02 6.048721249999999827e-01 2.008330960000000165e-02
3.650500000000000966e-02 6.184429139999999547e-01 2.026950660000000071e-02
3.684500000000000275e-02 6.587181020000000276e-01 2.110266930000000152e-02
3.718400000000000177e-02 6.087566660000000018e-01 2.050903579999999865e-02
3.752400000000000180e-02 6.474842650000000033e-01 2.104772759999999979e-02
3.786300000000000776e-02 6.845402630000000377e-01 2.107264849999999912e-02
3.820300000000000779e-02 6.985801870000000191e-01 2.152902920000000081e-02
3.854300000000000781e-02 7.330957329999999716e-01 2.145467430000000050e-02
3.888199999999999990e-02 7.242977510000000452e-01 2.174699470000000107e-02
3.922199999999999992e-02 7.407184289999999560e-01 2.211599590000000101e-02
3.956099999999999201e-02 7.840409240000000279e-01 2.240006569999999919e-02
3.990099999999999203e-02 7.780313930000000155e-01 2.226403139999999850e-02
4.023999999999999105e-02 7.847643180000000163e-01 2.228608779999999984e-02
4.057999999999999802e-02 8.193414799999999554e-01 2.307821529999999968e-02
4.091999999999999110e-02 8.023714029999999831e-01 2.263181549999999931e-02
4.125900000000000400e-02 8.188677359999999572e-01 2.272119590000000119e-02
4.159900000000000403e-02 8.680418509999999754e-01 2.319771229999999934e-02
4.193800000000000305e-02 8.678447479999999992e-01 2.312239840000000074e-02
4.227800000000000308e-02 8.651983479999999505e-01 2.345786559999999896e-02
4.261799999999999616e-02 8.731303660000000466e-01 2.291668349999999993e-02
4.295699999999999519e-02 8.754806109999999642e-01 2.304294889999999874e-02
4.329700000000000909e-02 8.788786830000000494e-01 2.338245289999999962e-02
4.363599999999999424e-02 8.706129860000000331e-01 2.301931260000000118e-02
4.397599999999999426e-02 8.506359310000000118e-01 2.279691119999999876e-02
4.431499999999999329e-02 8.604315070000000398e-01 2.245099719999999952e-02
4.465500000000000025e-02 8.890852249999999790e-01 2.338960879999999951e-02
4.499500000000000721e-02 8.348948149999999568e-01 2.276228840000000045e-02
4.533399999999999236e-02 8.515625129999999654e-01 2.233138100000000084e-02
4.567399999999999932e-02 8.085906409999999989e-01 2.218160330000000166e-02
4.601299999999999141e-02 7.948276459999999988e-01 2.164651589999999973e-02
4.635299999999999143e-02 7.543427959999999821e-01 2.150181749999999919e-02
4.669200000000000433e-02 7.697446820000000134e-01 2.114266500000000146e-02
4.703200000000000436e-02 7.246009110000000142e-01 2.064740530000000115e-02
4.737200000000000438e-02 6.733847490000000047e-01 1.997351190000000096e-02
4.771100000000001035e-02 7.064589980000000047e-01 1.969670780000000107e-02
4.805099999999998955e-02 6.474421350000000297e-01 1.910121420000000098e-02
4.839000000000000246e-02 6.261179590000000017e-01 1.833033920000000025e-02
4.873000000000000942e-02 6.151305670000000170e-01 1.818538609999999917e-02
4.907000000000000250e-02 6.052722870000000199e-01 1.790463600000000155e-02
4.940900000000000847e-02 5.882310480000000341e-01 1.723276019999999895e-02
4.974900000000000155e-02 5.136399369999999909e-01 1.647781790000000038e-02
5.008800000000001446e-02 5.131576279999999768e-01 1.608564850000000074e-02
5.042799999999999366e-02 4.352311489999999838e-01 1.507167430000000072e-02
5.076700000000000657e-02 4.394845629999999947e-01 1.507539110000000009e-02
5.110700000000000659e-02 3.932552570000000247e-01 1.439778780000000070e-02
5.144699999999999968e-02 3.999432010000000259e-01 1.417437910000000044e-02
5.178599999999998482e-02 3.643346800000000218e-01 1.379374520000000055e-02
5.212600000000000566e-02 3.718914910000000185e-01 1.370347849999999958e-02
5.246499999999999775e-02 3.192861220000000055e-01 1.252229640000000060e-02
5.280499999999999083e-02 2.898098840000000176e-01 1.218076019999999975e-02
5.314499999999998392e-02 3.044432930000000037e-01 1.244002060000000062e-02
5.348400000000000376e-02 2.639477800000000207e-01 1.173826459999999933e-02
5.382399999999998991e-02 2.371095500000000023e-01 1.138652180000000042e-02
5.416300000000000281e-02 2.434486130000000081e-01 1.106065489999999950e-02
5.450300000000001671e-02 2.259312890000000074e-01 1.079901659999999916e-02
5.484200000000000880e-02 2.048462189999999961e-01 1.065515790000000004e-02
5.518199999999999494e-02 2.000791340000000196e-01 1.003801300000000014e-02
5.552199999999998803e-02 1.867388610000000337e-01 1.016621839999999957e-02
5.586100000000000093e-02 1.947058779999999989e-01 9.888447200000000797e-03
5.620099999999999402e-02 1.798341520000000249e-01 9.679861850000000614e-03
5.653999999999999998e-02 1.645427359999999950e-01 9.462716549999999893e-03
5.688000000000000000e-02 1.799774550000000084e-01 9.528799969999999717e-03
5.722000000000000697e-02 1.664324369999999886e-01 9.252779830000000191e-03
5.755899999999999211e-02 1.659561840000000066e-01 9.209526049999999797e-03
5.789899999999999214e-02 1.700462550000000073e-01 9.199502939999999740e-03
5.823800000000000504e-02 1.415953020000000062e-01 8.691351079999999618e-03
5.857800000000001200e-02 1.488242429999999950e-01 8.788383539999999883e-03
5.891699999999998327e-02 1.619313729999999896e-01 8.910219279999999353e-03
5.925699999999998330e-02 1.363349630000000035e-01 8.480226659999999528e-03
5.959700000000001108e-02 1.410183020000000120e-01 8.823797980000000832e-03
5.993600000000000316e-02 1.352452000000000099e-01 8.353458030000000117e-03
6.027600000000001013e-02 1.547347360000000116e-01 8.571215400000000220e-03
6.061500000000000915e-02 1.320355400000000068e-01 8.500702590000000849e-03
6.095499999999999530e-02 1.616038200000000091e-01 8.581431190000000583e-03
6.129400000000000126e-02 1.448613749999999867e-01 8.278890380000000770e-03
6.163399999999999435e-02 1.478296600000000016e-01 8.228935720000000315e-03
6.197400000000001519e-02 1.560909560000000307e-01 8.527001470000000055e-03
6.231300000000000727e-02 1.560610279999999628e-01 8.293707580000000273e-03
6.265299999999998648e-02 1.632539490000000093e-01 8.451738489999999215e-03
6.299200000000002020e-02 1.564919049999999590e-01 8.461697460000000559e-03
6.333200000000001328e-02 1.612679019999999630e-01 8.299672060000000753e-03
6.367200000000000637e-02 1.682417370000000023e-01 8.553197510000000794e-03
6.401099999999998458e-02 1.580728399999999922e-01 8.098119239999999885e-03
6.435100000000000542e-02 1.726190270000000082e-01 8.352433359999999682e-03
6.469000000000001138e-02 1.685346669999999991e-01 8.402734119999999765e-03
6.502999999999999059e-02 1.639234740000000135e-01 8.093121459999999892e-03
6.536899999999999655e-02 1.647402810000000162e-01 8.044971990000000100e-03
6.570900000000000352e-02 1.580799390000000304e-01 7.971964729999999472e-03
6.604899999999998272e-02 1.609704540000000128e-01 8.076865739999999558e-03
6.638799999999998869e-02 1.689197120000000274e-01 8.082095290000000654e-03
6.672799999999999565e-02 1.691953160000000123e-01 7.967885830000000225e-03
6.706699999999998774e-02 1.613254909999999598e-01 7.866570450000000617e-03
6.740699999999999470e-02 1.582565099999999891e-01 8.010161840000000130e-03
6.774700000000000166e-02 1.686776550000000097e-01 8.083433810000000344e-03
6.808600000000000763e-02 1.633546409999999949e-01 7.785721280000000404e-03
6.842600000000000071e-02 1.511150500000000285e-01 7.579022220000000351e-03
6.876500000000000667e-02 1.495416300000000087e-01 7.572811139999999913e-03
6.910499999999998588e-02 1.470155569999999912e-01 7.494662659999999990e-03
6.944400000000000572e-02 1.454606180000000137e-01 7.577379940000000119e-03
6.978399999999998493e-02 1.386804459999999850e-01 7.397540339999999701e-03
7.012399999999999189e-02 1.364056790000000019e-01 7.113922209999999982e-03
7.046299999999999786e-02 1.388916080000000275e-01 7.162418050000000057e-03
7.080300000000001870e-02 1.314662560000000036e-01 6.989481260000000341e-03
7.114199999999999691e-02 1.354351589999999994e-01 6.944821050000000127e-03
7.148199999999998999e-02 1.175068910000000022e-01 6.561053249999999719e-03
7.182200000000001083e-02 1.098742529999999912e-01 6.466645790000000345e-03
7.216100000000000292e-02 1.149193879999999834e-01 6.689454420000000116e-03
7.250099999999998213e-02 1.173909999999999954e-01 6.512196639999999655e-03
7.283999999999998809e-02 1.130320939999999996e-01 6.306799390000000262e-03
7.317999999999999505e-02 1.119985869999999967e-01 6.370351370000000048e-03
7.351899999999998714e-02 1.142462580000000033e-01 6.399676400000000112e-03
7.385899999999998022e-02 1.047173829999999833e-01 6.154077640000000030e-03
7.419899999999998719e-02 1.049436729999999873e-01 6.104549209999999941e-03
7.453799999999999315e-02 9.363152449999997962e-02 5.921019359999999884e-03
7.487800000000001399e-02 9.307947330000003461e-02 5.681459540000000259e-03
7.521699999999999220e-02 8.978514540000001598e-02 5.815154930000000083e-03
7.555699999999998528e-02 9.011316160000001907e-02 5.758669959999999748e-03
7.589700000000002000e-02 8.724331920000001628e-02 5.794713170000000135e-03
7.623599999999998433e-02 9.609102099999998481e-02 5.643343230000000266e-03
7.657599999999999130e-02 7.838971890000000220e-02 5.470684820000000156e-03
7.691500000000001114e-02 8.870316279999997111e-02 5.708026120000000113e-03
7.725500000000001810e-02 8.011730979999998059e-02 5.303907749999999671e-03
7.759400000000001019e-02 7.128373770000000220e-02 5.262892610000000082e-03
7.793400000000000327e-02 7.185097570000001377e-02 5.116037860000000395e-03
7.827400000000001024e-02 7.633964299999999870e-02 5.216470850000000034e-03
7.861300000000001620e-02 7.413989560000000534e-02 5.089100150000000315e-03
7.895300000000000928e-02 6.742210819999998328e-02 5.009500790000000377e-03
7.929200000000001525e-02 6.311376659999998195e-02 4.901125919999999893e-03
7.963199999999999446e-02 7.041525369999999950e-02 5.105250300000000081e-03
7.997099999999998654e-02 6.865786019999998990e-02 4.898125679999999586e-03
8.031100000000000738e-02 6.205881530000000035e-02 4.762266470000000099e-03
8.065100000000000047e-02 6.147698860000000431e-02 4.801465329999999969e-03
8.099000000000000643e-02 7.023722240000000727e-02 4.750864849999999681e-03
8.133000000000001339e-02 5.764253379999999954e-02 4.747357639999999837e-03
8.166899999999999160e-02 5.102165439999999802e-02 4.542234489999999805e-03
8.200899999999998469e-02 6.388310699999999454e-02 4.647206780000000433e-03
8.234900000000001941e-02 5.627909210000001106e-02 4.690008520000000375e-03
8.268799999999998374e-02 5.945737849999999797e-02 4.457413470000000204e-03
8.302800000000001845e-02 5.371885639999999379e-02 4.377326299999999629e-03
8.336699999999999666e-02 6.246431119999999032e-02 4.649432939999999931e-03
8.370699999999998975e-02 5.991867570000000698e-02 4.589931349999999688e-03
8.404600000000000959e-02 5.756269969999999042e-02 4.489740229999999825e-03
8.438599999999998880e-02 5.779078010000000820e-02 4.361878670000000381e-03
8.472599999999999576e-02 5.287485510000001360e-02 4.233912260000000094e-03
8.506500000000001560e-02 5.803177690000001221e-02 4.500303469999999625e-03
8.540500000000000869e-02 5.596315069999998476e-02 4.294831399999999959e-03
8.574400000000001465e-02 5.739296820000000521e-02 4.472174399999999904e-03
8.608400000000000774e-02 5.746743829999999970e-02 4.459440400000000415e-03
8.642399999999998694e-02 5.929026459999999638e-02 4.476264859999999797e-03
8.676300000000002066e-02 5.677148530000000054e-02 4.331718539999999604e-03
8.710299999999999987e-02 6.277995630000000882e-02 4.441117789999999947e-03
8.744200000000001971e-02 6.230804300000000046e-02 4.479671919999999967e-03
8.778199999999999892e-02 6.087537089999998929e-02 4.446888979999999957e-03
8.812100000000001876e-02 5.342350229999999478e-02 4.152571310000000362e-03
8.846099999999999797e-02 5.644139549999998423e-02 4.205570339999999997e-03
8.880100000000000493e-02 6.449918629999999709e-02 4.305036209999999960e-03
8.914000000000001089e-02 5.724401069999999342e-02 4.247870289999999653e-03
8.948000000000001786e-02 5.467858490000000737e-02 4.283469629999999903e-03
8.981900000000000994e-02 5.515623890000000140e-02 4.274627779999999946e-03
9.015899999999998915e-02 5.536852140000000227e-02 4.207590090000000276e-03
9.049899999999998224e-02 5.503170189999999351e-02 4.300094570000000289e-03
9.083800000000001595e-02 6.122387720000001254e-02 4.195929259999999980e-03
9.117799999999999516e-02 5.330861879999999886e-02 4.130391399999999887e-03
9.151700000000000113e-02 5.269736580000000670e-02 4.168347180000000346e-03
9.185699999999998033e-02 5.126897230000000000e-02 3.979272370000000100e-03
9.219599999999998630e-02 4.639559759999999089e-02 3.918067499999999641e-03
9.253599999999997938e-02 5.027173479999999528e-02 3.794179510000000085e-03
9.287600000000000022e-02 4.517971209999998433e-02 3.923521630000000211e-03
9.321500000000000619e-02 4.875458280000001532e-02 3.914310669999999763e-03
9.355500000000001315e-02 4.488636639999999539e-02 3.717450639999999792e-03
9.389399999999999136e-02 4.976502939999999375e-02 3.866064399999999922e-03
9.423399999999999832e-02 5.075489310000000365e-02 3.878365940000000085e-03
9.457400000000000528e-02 5.259322339999999985e-02 4.054083469999999849e-03
9.491299999999998349e-02 4.563151479999998789e-02 3.734902479999999830e-03
9.525300000000000433e-02 3.927088500000000537e-02 3.721803880000000044e-03
9.559199999999998254e-02 4.104253189999999829e-02 3.652227359999999940e-03
9.593200000000001726e-02 4.591983980000000076e-02 3.737635500000000173e-03
9.627099999999999547e-02 3.962993609999999195e-02 3.563283210000000017e-03
9.661100000000000243e-02 3.978263700000000958e-02 3.662319450000000188e-03
9.695099999999998164e-02 4.180652809999999692e-02 3.554591959999999808e-03
9.728999999999997372e-02 4.733833019999999364e-02 3.712472630000000166e-03
9.762999999999996681e-02 3.844719790000000748e-02 3.498812599999999787e-03
9.796899999999998665e-02 4.077335669999999218e-02 3.593341129999999811e-03
9.830899999999997974e-02 3.800753020000000038e-02 3.521518969999999984e-03
9.864799999999999958e-02 3.424181850000000693e-02 3.361891789999999977e-03
9.898800000000000654e-02 3.829160269999999644e-02 3.546339669999999840e-03
9.932800000000001350e-02 3.386865000000000708e-02 3.304743189999999851e-03
9.966700000000000559e-02 3.386965149999999342e-02 3.444104019999999836e-03
1.000069999999999848e-01 3.431450779999999784e-02 3.481660650000000141e-03
1.003460000000000046e-01 4.120408390000000060e-02 3.457168410000000143e-03
1.006859999999999977e-01 3.823900669999999447e-02 3.337857880000000017e-03
1.010260000000000047e-01 3.554749299999999251e-02 3.371539489999999997e-03
1.013649999999999968e-01 2.904165809999999584e-02 3.145914990000000036e-03
1.017050000000000037e-01 3.586352100000000237e-02 3.320356970000000029e-03
1.020439999999999958e-01 3.159685610000000783e-02 3.292668280000000079e-03
1.023839999999999889e-01 3.869346289999999605e-02 3.347551460000000156e-03
1.027229999999999949e-01 3.065612310000000174e-02 3.137469510000000066e-03
1.030630000000000018e-01 3.341254940000000506e-02 3.218655569999999844e-03
1.034029999999999810e-01 4.138155479999999775e-02 3.193227759999999870e-03
1.037420000000000148e-01 3.053637779999999677e-02 3.174254430000000068e-03
1.040819999999999940e-01 3.032816270000000120e-02 3.117738059999999867e-03
1.044209999999999861e-01 3.675283900000000242e-02 3.207334249999999921e-03
1.047610000000000069e-01 3.080547689999999991e-02 3.123518010000000001e-03
1.051010000000000000e-01 2.562214639999999335e-02 3.139096620000000198e-03
1.054400000000000059e-01 2.837300430000000082e-02 3.255761240000000153e-03
1.057799999999999851e-01 2.240895520000000044e-02 3.015694760000000186e-03
1.061190000000000050e-01 3.199250160000000065e-02 3.152366140000000070e-03
1.064590000000000120e-01 2.690041799999999192e-02 3.090270029999999876e-03
1.067979999999999902e-01 2.766585340000000254e-02 2.960837779999999936e-03
1.071379999999999971e-01 2.814438500000000787e-02 3.142580089999999927e-03
1.074780000000000041e-01 2.720679299999999648e-02 3.089401810000000099e-03
1.078169999999999962e-01 2.855837969999999726e-02 3.119668280000000102e-03
1.081570000000000170e-01 2.760907900000000165e-02 3.017784820000000111e-03
1.084959999999999952e-01 2.710691559999999639e-02 3.017925419999999918e-03
1.088359999999999883e-01 1.965035340000000075e-02 2.903270889999999809e-03
1.091760000000000091e-01 2.878749889999999631e-02 2.916479559999999964e-03
1.095150000000000151e-01 3.069854480000000149e-02 3.211262490000000094e-03
1.098549999999999804e-01 3.078879920000000131e-02 2.984443920000000045e-03
1.101939999999999864e-01 2.829057619999999704e-02 3.028861879999999833e-03
1.105339999999999934e-01 2.759480860000000299e-02 2.958316070000000051e-03
1.108729999999999855e-01 2.669324730000000728e-02 2.932150090000000195e-03
1.112130000000000063e-01 2.638337090000000482e-02 2.825243180000000000e-03
1.115529999999999994e-01 2.529053019999999430e-02 2.694990100000000006e-03
1.118920000000000053e-01 2.824755799999999553e-02 2.986040699999999940e-03
1.122320000000000123e-01 2.093508510000000392e-02 2.826886340000000185e-03
1.125710000000000044e-01 2.600184409999999752e-02 2.840006160000000182e-03
1.129110000000000114e-01 2.531825990000000082e-02 2.876715430000000191e-03
1.132499999999999896e-01 2.321510580000000004e-02 2.886566900000000005e-03
1.135900000000000104e-01 2.718760029999999980e-02 2.995420380000000157e-03
1.139300000000000035e-01 2.233058569999999549e-02 2.873215640000000189e-03
1.142689999999999956e-01 2.494176460000000276e-02 2.848617129999999817e-03
1.146090000000000164e-01 2.528210150000000100e-02 2.834689229999999994e-03
1.149479999999999946e-01 2.745946039999999297e-02 2.869993080000000051e-03
1.152880000000000155e-01 2.511426059999999696e-02 2.794308509999999818e-03
1.156279999999999947e-01 2.663701620000000561e-02 2.828347240000000061e-03
1.159669999999999868e-01 2.178769200000000433e-02 2.721448840000000122e-03
1.163069999999999937e-01 2.528867950000000114e-02 2.760323590000000101e-03
1.166460000000000136e-01 2.007625589999999932e-02 2.666872539999999830e-03
1.169860000000000066e-01 2.457731929999999385e-02 2.675496710000000063e-03
1.173249999999999849e-01 1.317398499999999917e-02 2.599625319999999962e-03
1.176650000000000057e-01 2.260937609999999487e-02 2.615338860000000071e-03
1.180049999999999988e-01 1.478458820000000222e-02 2.578543100000000015e-03
1.183439999999999909e-01 1.735473209999999905e-02 2.693608269999999902e-03
1.186839999999999978e-01 1.697019449999999721e-02 2.700907509999999918e-03
1.190229999999999899e-01 1.682478340000000475e-02 2.544310900000000021e-03
1.193629999999999969e-01 1.266551399999999751e-02 2.525783590000000006e-03
1.197030000000000038e-01 1.541170629999999951e-02 2.603184819999999899e-03
1.200419999999999821e-01 2.007382090000000424e-02 2.524774000000000029e-03
1.203820000000000029e-01 1.898928910000000428e-02 2.636888190000000100e-03
1.207210000000000089e-01 1.534252359999999787e-02 2.655050930000000132e-03
1.210610000000000019e-01 1.969442760000000500e-02 2.658364940000000013e-03
1.213999999999999801e-01 2.108537519999999915e-02 2.484946180000000178e-03
1.217399999999999871e-01 2.031164800000000159e-02 2.642110080000000145e-03
1.220799999999999802e-01 1.940346420000000141e-02 2.547249780000000047e-03
1.224190000000000139e-01 1.640210580000000390e-02 2.496873699999999953e-03
1.227590000000000070e-01 1.674426479999999509e-02 2.469005480000000061e-03
1.230979999999999852e-01 1.851984689999999767e-02 2.502394709999999998e-03
1.234380000000000061e-01 1.754445839999999729e-02 2.560431040000000005e-03
1.237779999999999991e-01 1.916312320000000333e-02 2.484500369999999986e-03
1.241170000000000051e-01 1.452721549999999757e-02 2.426108629999999822e-03
1.244570000000000121e-01 1.420896300000000154e-02 2.405366219999999916e-03
1.247959999999999903e-01 1.535780179999999759e-02 2.479758710000000074e-03
1.251359999999999972e-01 1.865402740000000198e-02 2.387502980000000101e-03
1.254750000000000032e-01 1.891054840000000112e-02 2.426505360000000104e-03
1.258150000000000102e-01 1.752562620000000168e-02 2.370948170000000080e-03
1.261549999999999894e-01 1.286752409999999784e-02 2.448968929999999905e-03
1.264939999999999953e-01 1.393065969999999695e-02 2.410306599999999851e-03
1.268339999999999745e-01 1.563971470000000488e-02 2.412093200000000204e-03
1.271730000000000083e-01 1.600387210000000365e-02 2.433024670000000136e-03
1.275129999999999875e-01 1.223077049999999992e-02 2.410336030000000216e-03
1.278529999999999944e-01 1.482659450000000344e-02 2.405792920000000140e-03
1.281920000000000004e-01 1.193060539999999878e-02 2.303744050000000165e-03
1.285320000000000074e-01 1.510703839999999985e-02 2.404849310000000198e-03
1.288710000000000411e-01 1.666969759999999828e-02 2.365990359999999969e-03
1.292109999999999925e-01 1.333172310000000152e-02 2.330909229999999881e-03
1.295499999999999985e-01 9.132495049999996353e-03 2.203326120000000197e-03
1.298900000000000055e-01 1.395112349999999904e-02 2.290937309999999897e-03
1.302300000000000124e-01 1.606846220000000477e-02 2.393226049999999834e-03
1.305689999999999629e-01 1.342020100000000139e-02 2.362195249999999962e-03
1.309089999999999976e-01 1.571916429999999781e-02 2.232829759999999976e-03
1.312480000000000036e-01 1.567237340000000173e-02 2.325689570000000032e-03
1.315879999999999828e-01 9.821659270000001468e-03 2.273888600000000156e-03
1.319269999999999887e-01 1.034951799999999852e-02 2.201126280000000046e-03
1.322670000000000234e-01 1.266416729999999928e-02 2.248548830000000106e-03
1.326070000000000026e-01 1.925843539999999576e-02 2.273819549999999811e-03
1.329460000000000086e-01 1.031205079999999823e-02 2.217428720000000179e-03
1.332859999999999878e-01 1.219591270000000213e-02 2.296453349999999852e-03
1.336249999999999938e-01 1.269650890000000379e-02 2.165664989999999818e-03
1.339650000000000285e-01 1.526113969999999889e-02 2.306841940000000160e-03
1.343050000000000077e-01 1.247570769999999628e-02 2.223633139999999907e-03
1.346440000000000137e-01 1.260119430000000013e-02 2.239323430000000111e-03
1.349839999999999929e-01 1.067870979999999831e-02 2.287124049999999988e-03
1.353229999999999988e-01 8.344328599999999152e-03 2.127964139999999858e-03
1.356630000000000058e-01 1.297937570000000200e-02 2.297015400000000044e-03
1.360020000000000395e-01 1.298055700000000021e-02 2.236759290000000198e-03
1.363419999999999632e-01 6.001867540000002318e-03 2.032881040000000111e-03
1.366819999999999979e-01 1.035930889999999750e-02 2.160710819999999907e-03
1.370210000000000039e-01 9.506343169999998885e-03 2.171938210000000022e-03
1.373610000000000109e-01 1.253054710000000085e-02 2.169833060000000112e-03
1.376999999999999891e-01 1.239324640000000199e-02 2.219124189999999944e-03
1.380399999999999683e-01 7.220525649999996742e-03 2.262229900000000023e-03
1.383800000000000030e-01 1.255234660000000176e-02 2.193506349999999917e-03
1.387190000000000367e-01 7.917463419999996171e-03 2.192871779999999802e-03
1.390589999999999882e-01 8.893600079999995980e-03 2.060485669999999846e-03
1.393979999999999664e-01 1.468837169999999762e-02 2.188688619999999956e-03
1.397380000000000289e-01 1.092562790000000360e-02 2.207295399999999880e-03
1.400770000000000071e-01 1.079238559999999743e-02 2.211479929999999889e-03
1.404169999999999585e-01 8.795446889999997478e-03 2.158344510000000105e-03
1.407570000000000210e-01 1.335783019999999682e-02 2.245926880000000039e-03
1.410959999999999992e-01 9.790230590000002439e-03 2.312210729999999992e-03
1.414360000000000062e-01 9.171955640000003379e-03 2.108456140000000180e-03
1.417750000000000121e-01 7.906564019999999526e-03 2.186230329999999927e-03
1.421149999999999913e-01 9.345016510000001692e-03 2.265858869999999928e-03
1.424549999999999983e-01 9.683339279999996288e-03 2.235429939999999862e-03
1.427940000000000043e-01 1.001545350000000029e-02 2.325804380000000109e-03
1.431340000000000112e-01 9.145806540000004162e-03 2.230569329999999937e-03
