2.121999999999999321e-03 2.820625280000000203e+03 6.175912809999999808e+01
2.291999999999999767e-03 2.266861669999999776e+03 4.130784750000000116e+01
2.461999999999999345e-03 1.816682460000000447e+03 2.884247399999999928e+01
2.631999999999999357e-03 1.471868800000000419e+03 2.165919110000000103e+01
2.801999999999999370e-03 1.275142959999999448e+03 1.663760830000000013e+01
2.970999999999998815e-03 1.056875269999999773e+03 1.309570929999999933e+01
3.141000000000000996e-03 9.048657939999995961e+02 1.126649270000000058e+01
3.311000000000000575e-03 8.066163849999999229e+02 9.680631710000000112e+00
3.481000000000000587e-03 6.944102970000000141e+02 8.735281490000000204e+00
3.650999999999999732e-03 6.203347319999998035e+02 7.801608139999999914e+00
3.820000000000001346e-03 5.769927349999998114e+02 7.351251959999999919e+00
3.990000000000001358e-03 5.240735809999999901e+02 6.894026639999999873e+00
4.160000000000000503e-03 4.801542010000001142e+02 6.353392379999999839e+00
4.330000000000001383e-03 4.357511999999999261e+02 6.082100600000000412e+00
4.498999999999999527e-03 4.143614780000001474e+02 5.699182640000000077e+00
4.668999999999997805e-03 3.852021189999999251e+02 5.427424819999999706e+00
4.839000000000002154e-03 3.568963789999998539e+02 5.122020899999999877e+00
5.009000000000003033e-03 3.260407609999999181e+02 4.798489700000000191e+00
5.178999999999999576e-03 3.102672429999999508e+02 4.621433180000000362e+00
5.347999999999998588e-03 2.895872700000000464e+02 4.361396359999999639e+00
5.518000000000000335e-03 2.699795139999999378e+02 4.220151089999999883e+00
5.688000000000000347e-03 2.611133639999999332e+02 4.000796770000000002e+00
5.858000000000001227e-03 2.463524909999999579e+02 3.819231250000000077e+00
6.027999999999998637e-03 2.328115610000001254e+02 3.725087779999999960e+00
6.197000000000001119e-03 2.167606189999999913e+02 3.527693510000000199e+00
6.367000000000001998e-03 2.026695479999999918e+02 3.371148699999999998e+00
6.536999999999999408e-03 1.988521480000000565e+02 3.271725379999999905e+00
6.707000000000002023e-03 1.864056880000000547e+02 3.130996130000000210e+00
6.877000000000001168e-03 1.754544360000000438e+02 2.985746119999999948e+00
7.045999999999998445e-03 1.705289950000000374e+02 2.927403949999999977e+00
7.216000000000001059e-03 1.637200549999999737e+02 2.867509399999999875e+00
7.386000000000001071e-03 1.498205299999999340e+02 2.658814940000000071e+00
7.556000000000001084e-03 1.487385409999999126e+02 2.645397190000000176e+00
7.726000000000001096e-03 1.457466980000000376e+02 2.593351269999999875e+00
7.895000000000002710e-03 1.418306920000000559e+02 2.493714390000000058e+00
8.064999999999999253e-03 1.322145769999999629e+02 2.424467550000000138e+00
8.235000000000002734e-03 1.327488819999999521e+02 2.366682270000000088e+00
8.404999999999997543e-03 1.265223990000000498e+02 2.327376929999999788e+00
8.574000000000000024e-03 1.203814579999999523e+02 2.222750379999999915e+00
8.743999999999996567e-03 1.175304010000000545e+02 2.157046090000000138e+00
8.913999999999996579e-03 1.115985239999999408e+02 2.120999540000000128e+00
9.083999999999996591e-03 1.068542530000000426e+02 2.017077599999999915e+00
9.254000000000001808e-03 1.046133079999999609e+02 2.019552270000000149e+00
9.422999999999995616e-03 9.945676190000001782e+01 1.925010990000000088e+00
9.593000000000002567e-03 9.407780250000000422e+01 1.859050429999999920e+00
9.762999999999997375e-03 9.096726420000003088e+01 1.831564079999999928e+00
9.933000000000006061e-03 8.768195169999998484e+01 1.757301049999999920e+00
1.010299999999999913e-02 8.577465100000000575e+01 1.731291520000000084e+00
1.027200000000000162e-02 8.044933659999998099e+01 1.652556219999999909e+00
1.044200000000000163e-02 8.136123300000001279e+01 1.657574950000000102e+00
1.061200000000000164e-02 7.555877049999999429e+01 1.592254730000000063e+00
1.078200000000000165e-02 7.291015000000001578e+01 1.549704329999999963e+00
1.095199999999999819e-02 6.874767769999998279e+01 1.483040270000000049e+00
1.112099999999999894e-02 7.167603069999998411e+01 1.501536980000000021e+00
1.129099999999999722e-02 6.846124530000000163e+01 1.467072769999999915e+00
1.146100000000000070e-02 6.728644750000000840e+01 1.433659140000000054e+00
1.163100000000000071e-02 6.359931559999999706e+01 1.395956200000000091e+00
1.180000000000000319e-02 6.359459660000000270e+01 1.379968080000000041e+00
1.197000000000000321e-02 5.990189859999998845e+01 1.328877950000000085e+00
1.213999999999999801e-02 6.010125699999999682e+01 1.322104490000000077e+00
1.231000000000000150e-02 5.740668980000000232e+01 1.279492169999999929e+00
1.247999999999999977e-02 5.994448510000000852e+01 1.307777799999999990e+00
1.264899999999999879e-02 5.675617870000000664e+01 1.255409470000000027e+00
1.281900000000000400e-02 5.691539969999999471e+01 1.256199279999999918e+00
1.298900000000000055e-02 5.127665790000001067e+01 1.182332329999999931e+00
1.341300000000000131e-02 4.634189499999999384e+01 2.507165379999999888e-01
1.375299999999999613e-02 4.384683119999999690e+01 2.420063960000000125e-01
1.409299999999999962e-02 4.157048939999999959e+01 2.289181259999999996e-01
1.443199999999999691e-02 3.955275729999999612e+01 2.280342589999999892e-01
1.477199999999999694e-02 3.780187409999999915e+01 2.155764820000000137e-01
1.511100000000000290e-02 3.583501959999999542e+01 2.087642700000000018e-01
1.545099999999999772e-02 3.447244749999999414e+01 2.010707619999999862e-01
1.579099999999999948e-02 3.286316679999999479e+01 1.954149699999999934e-01
1.613000000000000198e-02 3.106704379999999688e+01 1.906139440000000074e-01
1.646999999999999853e-02 3.008089480000000648e+01 1.811665699999999990e-01
1.680900000000000102e-02 2.884897790000000128e+01 1.768258900000000133e-01
1.714900000000000105e-02 2.758390139999999846e+01 1.726018460000000032e-01
1.748800000000000354e-02 2.640634780000000603e+01 1.664410779999999923e-01
1.782800000000000357e-02 2.544568120000000278e+01 1.625489569999999939e-01
1.816800000000000359e-02 2.433562420000000515e+01 1.553084379999999931e-01
1.850700000000000262e-02 2.310140360000000825e+01 1.516233519999999890e-01
1.884699999999999570e-02 2.271110839999999698e+01 1.490003189999999922e-01
1.918599999999999819e-02 2.162633470000000457e+01 1.441742789999999885e-01
1.952599999999999822e-02 2.088240539999999612e+01 1.391543309999999922e-01
1.986600000000000518e-02 2.027460819999999941e+01 1.358156749999999968e-01
2.020500000000000421e-02 1.956383740000000415e+01 1.343569340000000112e-01
2.054500000000000076e-02 1.861649879999999868e+01 1.278146209999999894e-01
2.088400000000000326e-02 1.802804349999999900e+01 1.275157110000000038e-01
2.122400000000000328e-02 1.732783849999999859e+01 1.219456939999999934e-01
2.156300000000000230e-02 1.658118889999999723e+01 1.189680220000000066e-01
2.190299999999999539e-02 1.606201179999999695e+01 1.171477159999999990e-01
2.224299999999999888e-02 1.523730879999999566e+01 1.104618410000000051e-01
2.258199999999999791e-02 1.470542130000000292e+01 1.103016279999999988e-01
2.292200000000000487e-02 1.397242520000000177e+01 1.053393259999999970e-01
2.326099999999999696e-02 1.352315669999999947e+01 1.048698420000000048e-01
2.360099999999999698e-02 1.267892339999999685e+01 9.883382139999999372e-02
2.394100000000000394e-02 1.202624889999999880e+01 9.500128180000000366e-02
2.427999999999999950e-02 1.130028760000000254e+01 9.410854139999999535e-02
2.461999999999999605e-02 1.056070790000000237e+01 8.803221210000000685e-02
2.495899999999999508e-02 9.993470620000000082e+00 8.640752640000000373e-02
2.529899999999999857e-02 9.243805419999999273e+00 8.222590800000000033e-02
2.563799999999999760e-02 8.713891209999999887e+00 7.860867820000000394e-02
2.597800000000000456e-02 7.988601469999999871e+00 7.629799789999999748e-02
2.631800000000000458e-02 7.386261630000000800e+00 7.139804389999999945e-02
2.665699999999999667e-02 6.788954209999999101e+00 6.937382849999999823e-02
2.699700000000000710e-02 6.125512999999998875e+00 6.428274209999999822e-02
2.733600000000000613e-02 5.591578120000000318e+00 6.197575329999999855e-02
2.767599999999999574e-02 5.060574560000000055e+00 5.877674439999999723e-02
2.801500000000000171e-02 4.516367040000000443e+00 5.437405919999999809e-02
2.835500000000000867e-02 4.071300080000000321e+00 5.229964639999999665e-02
2.869499999999999135e-02 3.600684390000000068e+00 4.824162249999999763e-02
2.903400000000000078e-02 3.235132389999999969e+00 4.605154150000000113e-02
2.937400000000000080e-02 2.866153209999999785e+00 4.302089690000000105e-02
2.971299999999999983e-02 2.492356389999999866e+00 3.956504560000000115e-02
3.005299999999999985e-02 2.246393480000000054e+00 3.834157779999999849e-02
3.039300000000000335e-02 1.964748660000000147e+00 3.488025239999999888e-02
3.073199999999999890e-02 1.747663280000000041e+00 3.346770109999999687e-02
3.107199999999999199e-02 1.570300470000000059e+00 3.147644840000000249e-02
3.141100000000000142e-02 1.263479489999999927e+00 2.802906709999999912e-02
3.175100000000000838e-02 1.163704459999999941e+00 2.747019829999999829e-02
3.209000000000000741e-02 9.876349739999999988e-01 2.455894330000000028e-02
3.243000000000000049e-02 9.063677030000000245e-01 2.439416520000000158e-02
3.277000000000000052e-02 8.505120779999999492e-01 2.278860740000000079e-02
3.310900000000000648e-02 7.920500110000000538e-01 2.239260790000000001e-02
3.344899999999999957e-02 7.048533399999999949e-01 2.127116479999999893e-02
3.378799999999999165e-02 6.771166779999999719e-01 2.030558550000000073e-02
3.412799999999999861e-02 6.261799009999999832e-01 2.019374510000000039e-02
3.446800000000000558e-02 6.142457930000000399e-01 1.944627490000000111e-02
3.480699999999999766e-02 5.896141480000000046e-01 2.011079879999999945e-02
3.514700000000000463e-02 5.848462580000000077e-01 2.004350389999999885e-02
3.548599999999999671e-02 5.652621639999999559e-01 1.936667499999999986e-02
3.582599999999998980e-02 5.794217600000000079e-01 2.028660020000000105e-02
3.616500000000000270e-02 5.657359389999999655e-01 1.953539350000000133e-02
3.650500000000000966e-02 5.870738730000000238e-01 1.983432900000000124e-02
3.684500000000000275e-02 5.973814579999999763e-01 2.027733329999999862e-02
3.718400000000000177e-02 6.075116839999999963e-01 2.049586109999999850e-02
3.752400000000000180e-02 6.548492270000000337e-01 2.115163990000000147e-02
3.786300000000000776e-02 6.411813950000000428e-01 2.050648880000000007e-02
3.820300000000000779e-02 6.650722230000000179e-01 2.108887820000000107e-02
3.854300000000000781e-02 7.088866729999999672e-01 2.115165700000000079e-02
3.888199999999999990e-02 6.924562309999999776e-01 2.133284430000000065e-02
3.922199999999999992e-02 7.065981580000000317e-01 2.167927459999999945e-02
3.956099999999999201e-02 6.948620030000000058e-01 2.129916410000000024e-02
3.990099999999999203e-02 8.104442120000000527e-01 2.266812840000000107e-02
4.023999999999999105e-02 7.690250469999999616e-01 2.209779460000000154e-02
4.057999999999999802e-02 7.746962080000000528e-01 2.253779829999999831e-02
4.091999999999999110e-02 7.691702849999999536e-01 2.222956339999999920e-02
4.125900000000000400e-02 8.273388200000000303e-01 2.282624139999999899e-02
4.159900000000000403e-02 8.517475319999999739e-01 2.301133030000000051e-02
4.193800000000000305e-02 8.314305669999999537e-01 2.269862580000000032e-02
4.227800000000000308e-02 8.610817020000000044e-01 2.341438399999999989e-02
4.261799999999999616e-02 8.735574409999999901e-01 2.292613989999999977e-02
4.295699999999999519e-02 8.595448199999999872e-01 2.286277329999999997e-02
4.329700000000000909e-02 8.641215620000000097e-01 2.321610429999999836e-02
4.363599999999999424e-02 8.422487079999999571e-01 2.269468180000000154e-02
4.397599999999999426e-02 8.414824610000000149e-01 2.269433829999999847e-02
4.431499999999999329e-02 8.218172649999999635e-01 2.201143300000000039e-02
4.465500000000000025e-02 8.011678679999999497e-01 2.236673219999999948e-02
4.499500000000000721e-02 8.017505790000000188e-01 2.237780660000000116e-02
4.533399999999999236e-02 8.122545129999999558e-01 2.188056489999999979e-02
4.567399999999999932e-02 7.847095950000000375e-01 2.190257149999999889e-02
4.601299999999999141e-02 7.575087980000000387e-01 2.120891189999999857e-02
4.635299999999999143e-02 7.734356479999999756e-01 2.173959660000000099e-02
4.669200000000000433e-02 7.359184460000000039e-01 2.074069330000000155e-02
4.703200000000000436e-02 7.377213339999999508e-01 2.081182300000000013e-02
4.737200000000000438e-02 6.726260680000000214e-01 1.996795729999999852e-02
4.771100000000001035e-02 6.978375570000000527e-01 1.959703919999999933e-02
4.805099999999998955e-02 6.481969789999999509e-01 1.911429099999999853e-02
4.839000000000000246e-02 6.054052880000000414e-01 1.807897019999999896e-02
4.873000000000000942e-02 5.687268220000000207e-01 1.760400360000000108e-02
4.907000000000000250e-02 5.799439360000000487e-01 1.758401830000000041e-02
4.940900000000000847e-02 5.442909259999999527e-01 1.667333500000000093e-02
4.974900000000000155e-02 5.133388730000000288e-01 1.647701669999999952e-02
5.008800000000001446e-02 4.907350500000000060e-01 1.579245279999999876e-02
5.042799999999999366e-02 4.828676470000000109e-01 1.573346360000000069e-02
5.076700000000000657e-02 4.376446039999999926e-01 1.505241350000000033e-02
5.110700000000000659e-02 3.909779010000000166e-01 1.436777990000000053e-02
5.144699999999999968e-02 3.698591749999999845e-01 1.373783789999999914e-02
5.178599999999998482e-02 3.440760520000000211e-01 1.349267149999999922e-02
5.212600000000000566e-02 3.369762989999999792e-01 1.318059929999999998e-02
5.246499999999999775e-02 3.297203719999999838e-01 1.268843719999999953e-02
5.280499999999999083e-02 3.110742539999999945e-01 1.252280100000000007e-02
5.314499999999998392e-02 2.771613110000000213e-01 1.200233759999999941e-02
5.348400000000000376e-02 2.622645800000000249e-01 1.171254149999999966e-02
5.382399999999998991e-02 2.338607400000000391e-01 1.133338329999999949e-02
5.416300000000000281e-02 2.426577040000000018e-01 1.104921499999999938e-02
5.450300000000001671e-02 2.340574250000000134e-01 1.094257549999999926e-02
5.484200000000000880e-02 2.301796359999999930e-01 1.110407509999999931e-02
5.518199999999999494e-02 2.250638500000000097e-01 1.048639619999999946e-02
5.552199999999998803e-02 1.756586250000000127e-01 9.962543129999999400e-03
5.586100000000000093e-02 1.876775499999999708e-01 9.760883399999999849e-03
5.620099999999999402e-02 1.831295290000000131e-01 9.744061950000000583e-03
5.653999999999999998e-02 1.774047639999999648e-01 9.703540849999999288e-03
5.688000000000000000e-02 1.711425450000000070e-01 9.362639619999999982e-03
5.722000000000000697e-02 1.638801679999999927e-01 9.204969760000000778e-03
5.755899999999999211e-02 1.627397760000000027e-01 9.149214370000000388e-03
5.789899999999999214e-02 1.532856900000000022e-01 8.878610710000000086e-03
5.823800000000000504e-02 1.365065249999999897e-01 8.591278489999999712e-03
5.857800000000001200e-02 1.562309490000000078e-01 8.935648509999999725e-03
5.891699999999998327e-02 1.673738090000000400e-01 9.016495620000000363e-03
5.925699999999998330e-02 1.462754460000000034e-01 8.678808680000000414e-03
5.959700000000001108e-02 1.390636700000000003e-01 8.787493460000000284e-03
5.993600000000000316e-02 1.385613009999999978e-01 8.420145940000000120e-03
6.027600000000001013e-02 1.478124500000000119e-01 8.435823139999999720e-03
6.061500000000000915e-02 1.381468440000000186e-01 8.621438199999999566e-03
6.095499999999999530e-02 1.357682049999999752e-01 8.077295349999999430e-03
6.129400000000000126e-02 1.578292659999999958e-01 8.535823189999999783e-03
6.163399999999999435e-02 1.438901770000000080e-01 8.153647170000000166e-03
6.197400000000001519e-02 1.515944770000000053e-01 8.441893429999999809e-03
6.231300000000000727e-02 1.593463610000000197e-01 8.358049279999999956e-03
6.265299999999998648e-02 1.593570900000000068e-01 8.379648910000000658e-03
6.299200000000002020e-02 1.443835480000000282e-01 8.230964090000000843e-03
6.333200000000001328e-02 1.714828609999999864e-01 8.490795009999999726e-03
6.367200000000000637e-02 1.611212199999999817e-01 8.422342069999999917e-03
6.401099999999998458e-02 1.563959890000000408e-01 8.067680659999999782e-03
6.435100000000000542e-02 1.615839880000000117e-01 8.147487510000000696e-03
6.469000000000001138e-02 1.557149230000000328e-01 8.162903250000000735e-03
6.502999999999999059e-02 1.615690220000000343e-01 8.050450469999999650e-03
6.536899999999999655e-02 1.694146720000000161e-01 8.135137179999999898e-03
6.570900000000000352e-02 1.561537610000000020e-01 7.937346229999999586e-03
6.604899999999998272e-02 1.496416909999999934e-01 7.864401440000000007e-03
6.638799999999998869e-02 1.614474599999999871e-01 7.944112309999999330e-03
6.672799999999999565e-02 1.650728330000000021e-01 7.892648749999999977e-03
6.706699999999998774e-02 1.518854319999999869e-01 7.689951470000000282e-03
6.740699999999999470e-02 1.492193839999999827e-01 7.845362139999999262e-03
6.774700000000000166e-02 1.500418009999999747e-01 7.735238480000000000e-03
6.808600000000000763e-02 1.524253889999999945e-01 7.584830509999999568e-03
6.842600000000000071e-02 1.632693070000000024e-01 7.809468269999999754e-03
6.876500000000000667e-02 1.495878469999999683e-01 7.575088960000000288e-03
6.910499999999998588e-02 1.363561889999999888e-01 7.290184249999999769e-03
6.944400000000000572e-02 1.389439010000000085e-01 7.454770880000000273e-03
6.978399999999998493e-02 1.304356860000000229e-01 7.242178430000000174e-03
7.012399999999999189e-02 1.354119239999999891e-01 7.095438110000000347e-03
7.046299999999999786e-02 1.390219480000000063e-01 7.166276780000000422e-03
7.080300000000001870e-02 1.320693380000000083e-01 7.002776849999999692e-03
7.114199999999999691e-02 1.218864020000000048e-01 6.670367709999999728e-03
7.148199999999998999e-02 1.265700939999999941e-01 6.746176779999999915e-03
7.182200000000001083e-02 1.246128329999999923e-01 6.777254249999999786e-03
7.216100000000000292e-02 1.149693540000000097e-01 6.691668240000000351e-03
7.250099999999998213e-02 1.201394099999999882e-01 6.570138659999999638e-03
7.283999999999998809e-02 1.185301629999999801e-01 6.423314240000000189e-03
7.317999999999999505e-02 1.096007439999999999e-01 6.321353939999999755e-03
7.351899999999998714e-02 1.064408760000000176e-01 6.233768540000000219e-03
7.385899999999998022e-02 9.748791929999997552e-02 5.998950149999999690e-03
7.419899999999998719e-02 9.818567290000000669e-02 5.956766659999999589e-03
7.453799999999999315e-02 8.876474039999998622e-02 5.814493649999999576e-03
7.487800000000001399e-02 1.017625010000000052e-01 5.878458379999999817e-03
7.521699999999999220e-02 8.530434859999999619e-02 5.714673519999999632e-03
7.555699999999998528e-02 8.888322939999999950e-02 5.732238700000000416e-03
7.589700000000002000e-02 7.556754749999999854e-02 5.529255119999999801e-03
7.623599999999998433e-02 8.773931450000002630e-02 5.453094749999999949e-03
7.657599999999999130e-02 7.933393309999998977e-02 5.493499540000000222e-03
7.691500000000001114e-02 7.522700440000000544e-02 5.400462959999999604e-03
7.725500000000001810e-02 8.766796970000000078e-02 5.479443970000000101e-03
7.759400000000001019e-02 6.543364709999999196e-02 5.120831810000000400e-03
7.793400000000000327e-02 6.834128579999999842e-02 5.031170330000000156e-03
7.827400000000001024e-02 7.027205759999999302e-02 5.070693819999999574e-03
7.861300000000001620e-02 6.805646840000001419e-02 4.941235030000000299e-03
7.895300000000000928e-02 6.743062259999998975e-02 5.010597169999999635e-03
7.929200000000001525e-02 5.767206989999999062e-02 4.761903809999999855e-03
7.963199999999999446e-02 6.983413699999999058e-02 5.092364299999999934e-03
7.997099999999998654e-02 6.748791150000001127e-02 4.869924589999999678e-03
8.031100000000000738e-02 6.275312190000000012e-02 4.780579729999999763e-03
8.065100000000000047e-02 6.164570209999999106e-02 4.806550899999999585e-03
8.099000000000000643e-02 6.946598100000000997e-02 4.732112499999999861e-03
8.133000000000001339e-02 6.303419939999999055e-02 4.880469800000000399e-03
8.166899999999999160e-02 5.671080409999999100e-02 4.690334580000000281e-03
8.200899999999998469e-02 6.099564759999998725e-02 4.574592780000000074e-03
8.234900000000001941e-02 4.974630910000000378e-02 4.523665129999999979e-03
8.268799999999998374e-02 6.794956809999999625e-02 4.675164530000000367e-03
8.302800000000001845e-02 5.510516990000000753e-02 4.414558839999999963e-03
8.336699999999999666e-02 6.137444899999999065e-02 4.622691550000000357e-03
8.370699999999998975e-02 6.419090579999998936e-02 4.696042919999999891e-03
8.404600000000000959e-02 6.497246519999998193e-02 4.677063139999999841e-03
8.438599999999998880e-02 6.152774860000001511e-02 4.458149090000000300e-03
8.472599999999999576e-02 6.138081830000000766e-02 4.459680580000000005e-03
8.506500000000001560e-02 5.720925950000001203e-02 4.480137850000000428e-03
8.540500000000000869e-02 6.328399020000001485e-02 4.482695959999999716e-03
8.574400000000001465e-02 5.333200509999999617e-02 4.369520370000000258e-03
8.608400000000000774e-02 4.930293269999999617e-02 4.251218250000000053e-03
8.642399999999998694e-02 5.485271259999999899e-02 4.364236619999999761e-03
8.676300000000002066e-02 4.921206930000001506e-02 4.133629429999999792e-03
8.710299999999999987e-02 5.592759570000000596e-02 4.269235179999999845e-03
8.744200000000001971e-02 5.969742610000000615e-02 4.415676559999999820e-03
8.778199999999999892e-02 5.008888970000000690e-02 4.173731770000000361e-03
8.812100000000001876e-02 5.758773040000001592e-02 4.262514860000000266e-03
8.846099999999999797e-02 5.387373189999999923e-02 4.140252199999999716e-03
8.880100000000000493e-02 5.836727309999999169e-02 4.148142209999999656e-03
8.914000000000001089e-02 5.962714630000000987e-02 4.308605019999999994e-03
8.948000000000001786e-02 5.110274459999999963e-02 4.193799609999999956e-03
8.981900000000000994e-02 5.224367390000000944e-02 4.200915650000000383e-03
9.015899999999998915e-02 4.506762750000000567e-02 3.942974810000000364e-03
9.049899999999998224e-02 4.959090640000000244e-02 4.163390210000000348e-03
9.083800000000001595e-02 5.746019310000000796e-02 4.100981660000000036e-03
9.117799999999999516e-02 4.909881350000000477e-02 4.021813009999999911e-03
9.151700000000000113e-02 4.625805540000000465e-02 4.004460230000000433e-03
9.185699999999998033e-02 5.477436930000000037e-02 4.070408929999999939e-03
9.219599999999998630e-02 5.141607150000001430e-02 4.052098700000000310e-03
9.253599999999997938e-02 5.093604980000000781e-02 3.812766109999999979e-03
9.287600000000000022e-02 4.486426099999999556e-02 3.915818350000000066e-03
9.321500000000000619e-02 4.496876359999999601e-02 3.814893030000000070e-03
9.355500000000001315e-02 3.977089829999999604e-02 3.575000249999999921e-03
9.389399999999999136e-02 5.095037949999999677e-02 3.898542679999999951e-03
9.423399999999999832e-02 4.940172760000000746e-02 3.844072070000000181e-03
9.457400000000000528e-02 4.365398449999999958e-02 3.824852619999999804e-03
9.491299999999998349e-02 3.958740429999998978e-02 3.567618289999999973e-03
9.525300000000000433e-02 3.770126750000000332e-02 3.680087680000000173e-03
9.559199999999998254e-02 4.384811279999999839e-02 3.729936499999999839e-03
9.593200000000001726e-02 3.925133069999999641e-02 3.558769979999999809e-03
9.627099999999999547e-02 4.247228019999998994e-02 3.643084979999999980e-03
9.661100000000000243e-02 3.859905000000000974e-02 3.630916340000000034e-03
9.695099999999998164e-02 3.471742829999999169e-02 3.353040829999999993e-03
9.728999999999997372e-02 4.253089489999999778e-02 3.582861509999999815e-03
9.762999999999996681e-02 3.870874769999999715e-02 3.506662270000000022e-03
9.796899999999998665e-02 3.873411859999999207e-02 3.537362510000000189e-03
9.830899999999997974e-02 2.946956570000000553e-02 3.279179049999999922e-03
9.864799999999999958e-02 2.843673030000000435e-02 3.192337820000000145e-03
9.898800000000000654e-02 3.255032239999999799e-02 3.385371480000000117e-03
9.932800000000001350e-02 3.638981450000000617e-02 3.377250379999999826e-03
9.966700000000000559e-02 3.292777350000000020e-02 3.417996730000000087e-03
1.000069999999999848e-01 3.766176699999999183e-02 3.571466699999999942e-03
1.003460000000000046e-01 3.250331220000000215e-02 3.208614499999999994e-03
1.006859999999999977e-01 3.441408509999999837e-02 3.227360070000000018e-03
1.010260000000000047e-01 2.901137820000000006e-02 3.184236600000000215e-03
1.013649999999999968e-01 3.428583300000000167e-02 3.300347779999999835e-03
1.017050000000000037e-01 3.172619570000000111e-02 3.203384520000000183e-03
1.020439999999999958e-01 2.952865809999999369e-02 3.233294930000000025e-03
1.023839999999999889e-01 3.053650489999999371e-02 3.114832939999999818e-03
1.027229999999999949e-01 3.196824079999999874e-02 3.176795129999999967e-03
1.030630000000000018e-01 2.577754080000000184e-02 2.993257149999999870e-03
1.034029999999999810e-01 4.028838109999999945e-02 3.162235440000000196e-03
1.037420000000000148e-01 3.000529000000000390e-02 3.159228559999999967e-03
1.040819999999999940e-01 3.069465579999999458e-02 3.128898550000000153e-03
1.044209999999999861e-01 3.421778780000000325e-02 3.134656659999999952e-03
1.047610000000000069e-01 3.264509210000000189e-02 3.177201939999999870e-03
1.051010000000000000e-01 2.638552480000000422e-02 3.161489029999999846e-03
1.054400000000000059e-01 2.446138499999999522e-02 3.144903120000000062e-03
1.057799999999999851e-01 2.223968799999999357e-02 3.011190799999999800e-03
1.061190000000000050e-01 3.242099229999999277e-02 3.165265180000000154e-03
1.064590000000000120e-01 2.760462669999999563e-02 3.110967000000000073e-03
1.067979999999999902e-01 2.871297380000000302e-02 2.992648509999999793e-03
1.071379999999999971e-01 1.991207110000000127e-02 2.900961750000000117e-03
1.074780000000000041e-01 2.652000599999999875e-02 3.070361030000000064e-03
1.078169999999999962e-01 2.647692529999999198e-02 3.059637159999999828e-03
1.081570000000000170e-01 2.530807350000000358e-02 2.951758510000000203e-03
1.084959999999999952e-01 2.601915350000000640e-02 2.986353849999999824e-03
1.088359999999999883e-01 2.591021380000000512e-02 3.086600890000000021e-03
1.091760000000000091e-01 3.086123179999999619e-02 2.977818860000000165e-03
1.095150000000000151e-01 2.211785850000000039e-02 2.968683260000000001e-03
1.098549999999999804e-01 2.688277700000000700e-02 2.871284109999999983e-03
1.101939999999999864e-01 2.457515940000000107e-02 2.920469030000000070e-03
1.105339999999999934e-01 2.662259339999999835e-02 2.930357450000000124e-03
1.108729999999999855e-01 2.563485730000000101e-02 2.901717069999999992e-03
1.112130000000000063e-01 2.659721149999999534e-02 2.832183069999999990e-03
1.115529999999999994e-01 2.627319950000000029e-02 2.725834920000000123e-03
1.118920000000000053e-01 2.289880909999999700e-02 2.827417730000000157e-03
1.122320000000000123e-01 2.129660999999999707e-02 2.838084480000000083e-03
1.125710000000000044e-01 2.472739350000000697e-02 2.802370580000000059e-03
1.129110000000000114e-01 2.644896219999999867e-02 2.910020780000000060e-03
1.132499999999999896e-01 2.073974939999999670e-02 2.815069019999999825e-03
1.135900000000000104e-01 1.851182670000000099e-02 2.739790099999999794e-03
1.139300000000000035e-01 1.945515589999999989e-02 2.790212299999999916e-03
1.142689999999999956e-01 2.682236599999999679e-02 2.903536390000000141e-03
1.146090000000000164e-01 2.324803269999999727e-02 2.774758329999999981e-03
1.149479999999999946e-01 2.216923069999999704e-02 2.714221709999999933e-03
1.152880000000000155e-01 2.397613889999999914e-02 2.760979050000000011e-03
1.156279999999999947e-01 1.920452470000000300e-02 2.606625569999999892e-03
1.159669999999999868e-01 1.693830849999999888e-02 2.571654589999999851e-03
1.163069999999999937e-01 2.119716890000000048e-02 2.636711569999999807e-03
1.166460000000000136e-01 2.164515449999999952e-02 2.714662569999999955e-03
1.169860000000000066e-01 1.759094379999999805e-02 2.454675690000000191e-03
1.173249999999999849e-01 1.649740079999999567e-02 2.699785359999999981e-03
1.176650000000000057e-01 2.001726330000000095e-02 2.534019419999999825e-03
1.180049999999999988e-01 1.847681920000000463e-02 2.691308779999999814e-03
1.183439999999999909e-01 1.675361970000000325e-02 2.676099950000000033e-03
1.186839999999999978e-01 1.627099509999999777e-02 2.680714570000000165e-03
1.190229999999999899e-01 2.070130090000000048e-02 2.663813499999999855e-03
1.193629999999999969e-01 1.931726549999999987e-02 2.727261930000000108e-03
1.197030000000000038e-01 1.513388899999999586e-02 2.595145829999999810e-03
1.200419999999999821e-01 2.423823980000000544e-02 2.651706260000000030e-03
1.203820000000000029e-01 1.353640800000000324e-02 2.470629260000000056e-03
1.207210000000000089e-01 1.514928140000000242e-02 2.649655229999999841e-03
1.210610000000000019e-01 1.487210869999999914e-02 2.513069780000000072e-03
1.213999999999999801e-01 2.183100420000000028e-02 2.508453610000000063e-03
1.217399999999999871e-01 1.870951500000000295e-02 2.594339430000000210e-03
1.220799999999999802e-01 1.782452769999999867e-02 2.499828510000000076e-03
1.224190000000000139e-01 1.956111809999999673e-02 2.593910269999999841e-03
1.227590000000000070e-01 1.604063589999999914e-02 2.447288189999999829e-03
1.230979999999999852e-01 1.865016049999999870e-02 2.506743359999999941e-03
1.234380000000000061e-01 1.318694059999999703e-02 2.426076379999999883e-03
1.237779999999999991e-01 1.396189729999999622e-02 2.321067060000000203e-03
1.241170000000000051e-01 1.801009450000000400e-02 2.534156389999999825e-03
1.244570000000000121e-01 1.530318889999999696e-02 2.439773499999999852e-03
1.247959999999999903e-01 1.432332810000000109e-02 2.448111629999999862e-03
1.251359999999999972e-01 1.648999249999999819e-02 2.317865000000000116e-03
1.254750000000000032e-01 1.508355550000000343e-02 2.307196430000000090e-03
1.258150000000000102e-01 1.703526540000000269e-02 2.355628509999999932e-03
1.261549999999999894e-01 1.047056009999999988e-02 2.375436959999999934e-03
1.264939999999999953e-01 1.037397770000000191e-02 2.297312570000000029e-03
1.268339999999999745e-01 1.811254599999999673e-02 2.488372259999999808e-03
1.271730000000000083e-01 1.423202230000000096e-02 2.379448379999999936e-03
1.275129999999999875e-01 8.820250320000000421e-03 2.302881540000000123e-03
1.278529999999999944e-01 1.286225989999999902e-02 2.345122020000000185e-03
1.281920000000000004e-01 1.245113259999999777e-02 2.320572239999999821e-03
1.285320000000000074e-01 1.425564499999999908e-02 2.379157289999999942e-03
1.288710000000000411e-01 1.619525210000000159e-02 2.351546200000000000e-03
1.292109999999999925e-01 1.201609419999999893e-02 2.289349400000000121e-03
1.295499999999999985e-01 1.351878070000000175e-02 2.343242900000000028e-03
1.298900000000000055e-01 1.481438030000000079e-02 2.318431189999999812e-03
1.302300000000000124e-01 1.242012090000000138e-02 2.281321800000000056e-03
1.305689999999999629e-01 1.249116010000000422e-02 2.333665940000000105e-03
1.309089999999999976e-01 1.312464619999999769e-02 2.147949560000000056e-03
1.312480000000000036e-01 1.123387710000000109e-02 2.184977280000000022e-03
1.315879999999999828e-01 8.105500299999996924e-03 2.219614050000000196e-03
1.319269999999999887e-01 1.275144349999999573e-02 2.278156270000000153e-03
1.322670000000000234e-01 1.108993590000000203e-02 2.198082999999999981e-03
1.326070000000000026e-01 1.292344850000000031e-02 2.069065909999999973e-03
1.329460000000000086e-01 1.385714640000000088e-02 2.328744140000000087e-03
1.332859999999999878e-01 5.995141249999997972e-03 2.096628460000000017e-03
1.336249999999999938e-01 1.408661019999999861e-02 2.210586310000000124e-03
1.339650000000000285e-01 1.202139200000000227e-02 2.205201689999999794e-03
1.343050000000000077e-01 9.330987009999998014e-03 2.124403740000000047e-03
1.346440000000000137e-01 1.034861089999999928e-02 2.167529960000000137e-03
1.349839999999999929e-01 7.159213580000001360e-03 2.176561799999999873e-03
1.353229999999999988e-01 7.016642010000001713e-03 2.083796900000000046e-03
1.356630000000000058e-01 1.220936729999999755e-02 2.273125239999999880e-03
1.360020000000000395e-01 1.282454939999999773e-02 2.232111220000000153e-03
1.363419999999999632e-01 9.773894850000002660e-03 2.164184290000000128e-03
1.366819999999999979e-01 9.674200859999997418e-03 2.138034809999999827e-03
1.370210000000000039e-01 9.009696350000004003e-03 2.155506519999999832e-03
1.373610000000000109e-01 1.269875149999999571e-02 2.175819079999999957e-03
1.376999999999999891e-01 1.187278580000000229e-02 2.202380690000000155e-03
1.380399999999999683e-01 7.127638540000002555e-03 2.259498970000000002e-03
1.383800000000000030e-01 1.288775160000000218e-02 2.204877689999999897e-03
1.387190000000000367e-01 8.755883350000003701e-03 2.220999390000000153e-03
1.390589999999999882e-01 1.167438349999999798e-02 2.158653149999999795e-03
1.393979999999999664e-01 1.047407179999999827e-02 2.043920629999999936e-03
1.397380000000000289e-01 9.658381889999997916e-03 2.163835979999999791e-03
1.400770000000000071e-01 8.241554719999998752e-03 2.123569200000000132e-03
1.404169999999999585e-01 8.668295000000001208e-03 2.154118200000000073e-03
1.407570000000000210e-01 1.163580200000000238e-02 2.186667120000000165e-03
1.410959999999999992e-01 6.053018890000002802e-03 2.183656840000000078e-03
1.414360000000000062e-01 1.025914340000000195e-02 2.148090249999999937e-03
1.417750000000000121e-01 5.402703800000001159e-03 2.095188899999999872e-03
1.421149999999999913e-01 6.517266500000003064e-03 2.165532759999999959e-03
1.424549999999999983e-01 6.362066599999997157e-03 2.117501910000000199e-03
1.427940000000000043e-01 7.975225020000002371e-03 2.255665080000000128e-03
1.431340000000000112e-01 6.723051469999998843e-03 2.143271500000000149e-03
1.434729999999999894e-01 1.013799260000000126e-02 2.133759829999999982e-03
1.438130000000000241e-01 7.109673660000001214e-03 2.276027639999999956e-03
1.441520000000000024e-01 8.178362530000000269e-03 2.193665110000000019e-03
1.444920000000000093e-01 6.455039029999998235e-03 2.159863870000000140e-03
1.448319999999999885e-01 6.059122100000002321e-03 2.132182030000000141e-03
1.451709999999999945e-01 1.148640020000000171e-02 2.259104430000000076e-03
1.455110000000000292e-01 6.140884400000002838e-03 2.204779530000000078e-03
1.458500000000000074e-01 7.088271049999998220e-03 2.164672830000000017e-03
1.461899999999999866e-01 5.517703440000002249e-03 2.349726060000000092e-03
1.465289999999999926e-01 6.861709559999999188e-03 2.174404469999999864e-03
1.468689999999999996e-01 5.073903799999997070e-03 2.175967159999999800e-03
1.472090000000000065e-01 7.472636779999998133e-03 2.154904579999999872e-03
1.475480000000000125e-01 6.998072770000003141e-03 2.120283949999999824e-03
1.478880000000000194e-01 3.767384279999999239e-03 2.247429940000000154e-03
1.482269999999999976e-01 7.591791609999996339e-03 2.245934429999999794e-03
1.485670000000000046e-01 7.973573759999999858e-03 2.196758879999999997e-03
1.489070000000000116e-01 5.773868529999998458e-03 2.187981119999999821e-03
1.492459999999999898e-01 5.365077409999999443e-03 2.228894469999999784e-03
1.495859999999999967e-01 8.503295370000002115e-03 2.216921210000000197e-03
1.499250000000000027e-01 9.006738070000001916e-04 2.093422250000000033e-03
1.502650000000000097e-01 9.202740709999997215e-03 2.255966749999999913e-03
1.506039999999999601e-01 7.811476739999996532e-03 2.103605110000000139e-03
1.509439999999999948e-01 6.058979660000001627e-03 2.305579270000000097e-03
1.512840000000000018e-01 4.090373079999999259e-03 2.035492849999999930e-03
1.516230000000000078e-01 8.972218660000001386e-03 2.235445620000000091e-03
1.519630000000000147e-01 1.065509440000000051e-02 2.326821939999999898e-03
1.523019999999999929e-01 1.042617350000000359e-02 2.273309849999999906e-03
1.526419999999999999e-01 4.902847359999998669e-03 2.150032080000000186e-03
1.529820000000000346e-01 4.894205739999997473e-03 2.170931269999999864e-03
1.533209999999999851e-01 7.532944900000001359e-03 2.170166419999999905e-03
1.536609999999999920e-01 1.816424580000000795e-03 2.150942160000000099e-03
1.539999999999999980e-01 8.631239210000002382e-03 2.277537190000000159e-03
1.543400000000000327e-01 2.222949130000001321e-03 2.195838790000000183e-03
1.546790000000000109e-01 3.122865529999999459e-03 2.099797550000000006e-03
1.550189999999999901e-01 2.498239179999999903e-03 2.137183940000000112e-03
1.553589999999999971e-01 2.608668640000001097e-03 2.177578620000000017e-03
1.556980000000000308e-01 4.665346029999998916e-03 2.104544109999999853e-03
1.560379999999999823e-01 8.037065189999999595e-03 2.208264140000000021e-03
1.563769999999999882e-01 1.286625290000000151e-03 2.053360640000000212e-03
1.567169999999999674e-01 4.368660559999998534e-03 2.069405419999999912e-03
1.570569999999999744e-01 5.849876679999997664e-03 2.110268409999999876e-03
1.573959999999999804e-01 3.005296489999999092e-03 2.121936709999999813e-03
1.577359999999999873e-01 9.726979899999996584e-03 2.294374210000000094e-03
1.580750000000000210e-01 6.430305329999996822e-03 2.224486490000000122e-03
1.584149999999999725e-01 6.434372590000000947e-03 2.198798479999999889e-03
1.587540000000000062e-01 4.468047370000000421e-03 2.204019719999999929e-03
1.590940000000000132e-01 6.783935069999999339e-03 2.107638370000000042e-03
