3.141000000000000996e-03 3.731367919999999572e+01 4.888671369999999960e+00
3.311000000000000575e-03 4.157581619999999134e+01 3.502453619999999823e+00
3.481000000000000587e-03 3.909779589999999416e+01 2.721097970000000199e+00
3.650999999999999732e-03 3.718159619999999421e+01 2.231556369999999845e+00
3.820000000000001346e-03 3.289170329999999609e+01 1.952922749999999930e+00
3.990000000000001358e-03 3.453775379999999018e+01 1.799351350000000016e+00
4.160000000000000503e-03 3.412502610000000658e+01 1.676365820000000006e+00
4.330000000000001383e-03 3.025413989999999487e+01 1.559740909999999925e+00
4.498999999999999527e-03 3.226973170000000835e+01 1.542024800000000084e+00
4.668999999999997805e-03 3.242847820000000780e+01 1.508606700000000078e+00
4.839000000000002154e-03 3.102990189999999160e+01 1.446780210000000011e+00
5.009000000000003033e-03 3.032937109999999237e+01 1.384630239999999901e+00
5.178999999999999576e-03 3.067348180000000113e+01 1.376350760000000006e+00
5.347999999999998588e-03 2.951214680000000001e+01 1.311998640000000105e+00
5.518000000000000335e-03 2.352593469999999698e+01 1.178841900000000109e+00
5.688000000000000347e-03 2.721787990000000690e+01 1.208233380000000023e+00
5.858000000000001227e-03 2.640717640000000088e+01 1.178319799999999917e+00
6.027999999999998637e-03 2.418563099999999721e+01 1.121076780000000106e+00
6.197000000000001119e-03 2.398699030000000221e+01 1.085170500000000038e+00
6.367000000000001998e-03 2.623907039999999924e+01 1.109401279999999934e+00
6.536999999999999408e-03 2.193541499999999544e+01 1.001901469999999961e+00
6.707000000000002023e-03 2.289645940000000479e+01 1.013287859999999929e+00
6.877000000000001168e-03 2.181935210000000325e+01 9.757364029999999744e-01
7.045999999999998445e-03 2.083812899999999857e+01 9.508766229999999764e-01
7.216000000000001059e-03 2.023580390000000406e+01 9.343107699999999571e-01
7.386000000000001071e-03 2.059825209999999984e+01 9.128385490000000546e-01
7.556000000000001084e-03 1.697599900000000517e+01 8.230893580000000487e-01
7.726000000000001096e-03 1.699583589999999944e+01 8.215137569999999556e-01
7.895000000000002710e-03 1.894363159999999624e+01 8.331871720000000314e-01
8.064999999999999253e-03 1.747119999999999607e+01 8.069397980000000414e-01
8.235000000000002734e-03 1.753663309999999598e+01 7.895875119999999914e-01
8.404999999999997543e-03 1.599816509999999958e+01 7.555502250000000197e-01
8.574000000000000024e-03 1.578228370000000247e+01 7.330178189999999594e-01
8.743999999999996567e-03 1.540512219999999743e+01 7.138424319999999712e-01
8.913999999999996579e-03 1.418130959999999874e+01 6.908121440000000169e-01
9.083999999999996591e-03 1.429362820000000234e+01 6.733760960000000351e-01
9.254000000000001808e-03 1.362298290000000200e+01 6.727552260000000395e-01
9.422999999999995616e-03 1.379282760000000252e+01 6.569858809999999938e-01
9.593000000000002567e-03 1.259172490000000089e+01 6.176374890000000395e-01
9.762999999999997375e-03 1.222469659999999969e+01 6.179287479999999722e-01
9.933000000000006061e-03 1.217209070000000182e+01 5.982596980000000064e-01
1.010299999999999913e-02 1.236261249999999734e+01 5.954095799999999938e-01
1.027200000000000162e-02 1.219128790000000251e+01 5.826845200000000391e-01
1.069699999999999818e-02 1.105765869999999929e+01 1.229345119999999958e-01
1.103600000000000241e-02 1.016534030000000222e+01 1.179402120000000026e-01
1.137600000000000243e-02 9.770095599999997660e+00 1.143280710000000033e-01
1.171599999999999898e-02 9.237933350000000488e+00 1.085086920000000038e-01
1.205500000000000148e-02 8.802866389999998376e+00 1.062083560000000038e-01
1.239499999999999803e-02 8.348994649999999851e+00 9.878749250000000426e-02
1.273399999999999879e-02 8.085064190000000650e+00 9.829912970000000139e-02
1.307400000000000055e-02 7.675297469999999400e+00 9.440419460000000484e-02
1.341300000000000131e-02 7.085762700000000081e+00 8.878035650000000445e-02
1.375299999999999613e-02 6.898581659999999616e+00 8.701363850000000399e-02
1.409299999999999962e-02 6.258387760000000632e+00 8.045433170000000633e-02
1.443199999999999691e-02 6.006194319999999642e+00 8.054323019999999611e-02
1.477199999999999694e-02 5.784197640000000362e+00 7.650558059999999772e-02
1.511100000000000290e-02 5.493908519999999740e+00 7.416235029999999895e-02
1.545099999999999772e-02 5.229718440000000079e+00 7.082556950000000462e-02
1.579099999999999948e-02 5.070483389999999702e+00 6.962283869999999486e-02
1.613000000000000198e-02 4.785913869999999015e+00 6.777587340000000571e-02
1.646999999999999853e-02 4.466605170000000236e+00 6.338527469999999386e-02
1.680900000000000102e-02 4.266214030000000434e+00 6.169147450000000282e-02
1.714900000000000105e-02 4.057395099999999921e+00 6.000137419999999888e-02
1.748800000000000354e-02 3.884956259999999606e+00 5.771660259999999987e-02
1.782800000000000357e-02 3.617477040000000255e+00 5.581404429999999722e-02
1.816800000000000359e-02 3.489659780000000655e+00 5.325517750000000050e-02
1.850700000000000262e-02 3.380547540000000240e+00 5.268667979999999695e-02
1.884699999999999570e-02 3.183935009999999899e+00 5.065197440000000079e-02
1.918599999999999819e-02 2.975610249999999901e+00 4.861197980000000335e-02
1.952599999999999822e-02 2.908478310000000011e+00 4.723995520000000281e-02
1.986600000000000518e-02 2.766126929999999984e+00 4.564047770000000115e-02
2.020500000000000421e-02 2.553024170000000037e+00 4.429666990000000193e-02
2.054500000000000076e-02 2.483414670000000157e+00 4.260221310000000122e-02
2.088400000000000326e-02 2.224229880000000215e+00 4.115572869999999800e-02
2.122400000000000328e-02 2.183518110000000068e+00 3.966886270000000159e-02
2.156300000000000230e-02 2.024762219999999946e+00 3.808043850000000091e-02
2.190299999999999539e-02 1.925974199999999970e+00 3.731933400000000262e-02
2.224299999999999888e-02 1.788610639999999918e+00 3.495490440000000032e-02
2.258199999999999791e-02 1.708511420000000003e+00 3.495405659999999831e-02
2.292200000000000487e-02 1.582069100000000006e+00 3.261258580000000323e-02
2.326099999999999696e-02 1.447060039999999992e+00 3.196890100000000096e-02
2.360099999999999698e-02 1.402768060000000094e+00 3.050498960000000079e-02
2.394100000000000394e-02 1.280506029999999962e+00 2.887998030000000008e-02
2.427999999999999950e-02 1.174826439999999916e+00 2.837921360000000143e-02
2.461999999999999605e-02 1.064800289999999983e+00 2.628877049999999924e-02
2.495899999999999508e-02 9.929441559999999667e-01 2.570573220000000117e-02
2.529899999999999857e-02 9.302349869999999576e-01 2.464516060000000036e-02
2.563799999999999760e-02 8.586840470000000058e-01 2.363361270000000069e-02
2.597800000000000456e-02 7.630056299999999903e-01 2.263021570000000107e-02
2.631800000000000458e-02 7.255220390000000075e-01 2.118839900000000012e-02
2.665699999999999667e-02 6.549713670000000265e-01 2.083116280000000056e-02
2.699700000000000710e-02 5.898507410000000117e-01 1.951871709999999926e-02
2.733600000000000613e-02 5.123581600000000069e-01 1.846825859999999889e-02
2.767599999999999574e-02 4.760767009999999910e-01 1.798895589999999906e-02
2.801500000000000171e-02 4.375691559999999591e-01 1.687680319999999845e-02
2.835500000000000867e-02 3.557557900000000162e-01 1.580521920000000149e-02
2.869499999999999135e-02 3.371135749999999986e-01 1.514662710000000065e-02
2.903400000000000078e-02 2.869125559999999853e-01 1.423815559999999994e-02
2.937400000000000080e-02 2.802334249999999805e-01 1.396870629999999967e-02
2.971299999999999983e-02 1.938686049999999716e-01 1.249366200000000086e-02
3.005299999999999985e-02 1.997672020000000048e-01 1.274880460000000007e-02
3.039300000000000335e-02 1.929644110000000301e-01 1.211004599999999931e-02
3.073199999999999890e-02 1.587955139999999710e-01 1.164908429999999932e-02
3.107199999999999199e-02 1.317761980000000110e-01 1.109500729999999928e-02
3.141100000000000142e-02 1.269779550000000035e-01 1.085132370000000020e-02
3.175100000000000838e-02 1.155908209999999825e-01 1.080583669999999989e-02
3.209000000000000741e-02 1.218408040000000109e-01 1.027370799999999945e-02
3.243000000000000049e-02 9.376459020000001143e-02 1.028885409999999966e-02
3.277000000000000052e-02 1.107977970000000034e-01 9.787254619999999697e-03
3.310900000000000648e-02 9.386232229999999510e-02 9.820844480000000265e-03
3.344899999999999957e-02 7.013792629999998640e-02 9.411184220000000378e-03
3.378799999999999165e-02 9.046252080000001528e-02 9.240007229999999683e-03
3.412799999999999861e-02 6.813098459999998580e-02 9.438680479999999456e-03
3.446800000000000558e-02 9.072757849999998903e-02 9.031498089999999423e-03
3.480699999999999766e-02 5.804274549999999255e-02 9.527628950000000332e-03
3.514700000000000463e-02 5.820411860000000021e-02 9.412107430000000302e-03
3.548599999999999671e-02 6.428710769999999852e-02 9.349550570000000199e-03
3.582599999999998980e-02 6.440503150000000121e-02 9.916797320000000221e-03
3.616500000000000270e-02 7.798000789999998128e-02 9.642730760000000831e-03
3.650500000000000966e-02 6.704937060000001892e-02 9.310341930000000377e-03
3.684500000000000275e-02 5.333299809999999391e-02 9.598601619999999265e-03
3.718400000000000177e-02 7.395480269999998857e-02 1.009640780000000022e-02
3.752400000000000180e-02 6.234070700000000215e-02 9.652939779999999623e-03
3.786300000000000776e-02 7.373319279999998588e-02 9.706328139999999619e-03
3.820300000000000779e-02 6.985703460000000642e-02 9.624435460000000525e-03
3.854300000000000781e-02 8.984154670000001064e-02 9.778163430000000322e-03
3.888199999999999990e-02 9.398728019999999517e-02 9.919384590000000085e-03
3.922199999999999992e-02 9.060550000000000548e-02 1.014918260000000072e-02
3.956099999999999201e-02 7.623627309999998769e-02 1.007961739999999919e-02
3.990099999999999203e-02 1.104357530000000115e-01 1.030956790000000026e-02
4.023999999999999105e-02 9.105551130000001658e-02 1.009974490000000065e-02
4.057999999999999802e-02 9.251108129999999208e-02 1.044434860000000020e-02
4.091999999999999110e-02 7.794396289999998284e-02 9.879748699999999634e-03
4.125900000000000400e-02 9.538883030000001872e-02 1.032095409999999984e-02
4.159900000000000403e-02 1.038555129999999965e-01 1.026538129999999931e-02
4.193800000000000305e-02 8.806284570000000311e-02 9.868547740000000595e-03
4.227800000000000308e-02 9.281227570000001592e-02 1.041683640000000063e-02
4.261799999999999616e-02 8.876160930000003002e-02 9.779066810000000554e-03
4.295699999999999519e-02 1.023577469999999850e-01 1.006627319999999978e-02
4.329700000000000909e-02 9.179996959999998929e-02 1.019054009999999927e-02
4.363599999999999424e-02 8.864541909999998359e-02 9.901503029999999747e-03
4.397599999999999426e-02 7.901870630000000506e-02 9.652835939999999948e-03
4.431499999999999329e-02 8.134657730000001419e-02 9.501944000000000015e-03
4.465500000000000025e-02 7.517161980000000576e-02 9.790488970000000429e-03
4.499500000000000721e-02 7.753152139999998360e-02 1.001516960000000019e-02
4.533399999999999236e-02 9.020619579999999971e-02 9.623940609999999396e-03
4.567399999999999932e-02 6.974707710000001282e-02 9.515995339999999691e-03
4.601299999999999141e-02 8.055605669999998941e-02 9.523760850000000111e-03
4.635299999999999143e-02 7.924238190000000570e-02 9.477989469999999889e-03
4.669200000000000433e-02 7.164119740000000902e-02 9.060232439999999637e-03
4.703200000000000436e-02 6.858333570000001156e-02 8.967412030000000006e-03
4.737200000000000438e-02 6.256464300000001699e-02 9.035540159999999252e-03
4.771100000000001035e-02 8.132268400000000619e-02 8.897560299999999339e-03
4.805099999999998955e-02 5.203235169999999299e-02 8.466740979999999930e-03
4.839000000000000246e-02 5.190533480000000116e-02 8.240297299999999395e-03
4.873000000000000942e-02 4.865877390000000052e-02 8.055501530000000118e-03
4.907000000000000250e-02 6.353674019999998313e-02 7.980225489999999422e-03
4.940900000000000847e-02 5.986104600000000803e-02 7.595094059999999911e-03
4.974900000000000155e-02 4.156755429999999668e-02 7.490500479999999579e-03
5.008800000000001446e-02 4.679792460000000570e-02 7.322781799999999834e-03
5.042799999999999366e-02 4.667764190000000396e-02 7.279938330000000103e-03
5.076700000000000657e-02 4.655073169999999344e-02 7.224901169999999907e-03
5.110700000000000659e-02 4.728528860000000972e-02 7.440052760000000383e-03
5.144699999999999968e-02 4.319475670000001016e-02 6.913242420000000055e-03
5.178599999999998482e-02 2.957574109999999701e-02 6.809653050000000381e-03
5.212600000000000566e-02 3.501065590000000671e-02 6.672072840000000359e-03
5.246499999999999775e-02 4.363791179999999131e-02 6.395831830000000412e-03
5.280499999999999083e-02 3.515362639999999178e-02 6.427827720000000265e-03
5.314499999999998392e-02 2.764972830000000589e-02 6.294353519999999584e-03
5.348400000000000376e-02 2.980054600000000414e-02 6.367630420000000048e-03
5.382399999999998991e-02 2.931260780000000468e-02 6.552947590000000183e-03
5.416300000000000281e-02 4.386119570000000106e-02 6.347308880000000243e-03
5.450300000000001671e-02 2.085777009999999557e-02 5.826004689999999923e-03
5.484200000000000880e-02 2.252699879999999627e-02 6.160678170000000349e-03
5.518199999999999494e-02 2.869560179999999794e-02 5.723075309999999839e-03
5.552199999999998803e-02 2.272438060000000343e-02 6.058910540000000261e-03
5.586100000000000093e-02 2.480841770000000168e-02 5.612944879999999873e-03
5.620099999999999402e-02 2.802980420000000111e-02 5.719756179999999600e-03
5.653999999999999998e-02 2.057046809999999587e-02 5.775515999999999636e-03
5.688000000000000000e-02 1.129712679999999789e-02 5.152693970000000317e-03
5.722000000000000697e-02 1.616121020000000144e-02 5.273117180000000057e-03
5.755899999999999211e-02 2.275015769999999549e-02 5.445742479999999761e-03
5.789899999999999214e-02 1.645045460000000431e-02 5.219084560000000067e-03
5.823800000000000504e-02 1.988875270000000153e-02 5.405477750000000151e-03
5.857800000000001200e-02 1.745024230000000176e-02 5.236160279999999868e-03
5.891699999999998327e-02 1.697189380000000206e-02 5.064517430000000167e-03
5.925699999999998330e-02 8.504345880000001648e-03 5.004119900000000322e-03
5.959700000000001108e-02 6.952329469999996535e-03 5.330385889999999897e-03
5.993600000000000316e-02 1.119218170000000137e-02 5.034614889999999669e-03
6.027600000000001013e-02 1.829237590000000468e-02 4.894774680000000058e-03
6.061500000000000915e-02 9.844053789999994419e-03 5.261088679999999587e-03
6.095499999999999530e-02 1.635092230000000091e-02 4.785300919999999937e-03
6.129400000000000126e-02 1.998683730000000436e-02 4.855974810000000114e-03
6.163399999999999435e-02 2.109404129999999794e-02 4.861036319999999591e-03
6.197400000000001519e-02 1.492344130000000137e-02 4.814438590000000122e-03
6.231300000000000727e-02 2.411532190000000714e-02 4.808170470000000356e-03
6.265299999999998648e-02 1.989303709999999670e-02 4.733490370000000176e-03
6.299200000000002020e-02 1.308050690000000203e-02 4.740723159999999867e-03
6.333200000000001328e-02 1.656454190000000368e-02 4.549792999999999893e-03
6.367200000000000637e-02 1.507202110000000102e-02 4.651651429999999719e-03
6.401099999999998458e-02 2.307163339999999951e-02 4.550706399999999985e-03
6.435100000000000542e-02 2.765948270000000847e-02 4.632377719999999748e-03
6.469000000000001138e-02 2.324562590000000054e-02 4.672767379999999762e-03
6.502999999999999059e-02 2.668640280000000170e-02 4.531948539999999630e-03
6.536899999999999655e-02 1.868924049999999559e-02 4.146329070000000401e-03
6.570900000000000352e-02 1.789951279999999964e-02 4.344355920000000058e-03
6.604899999999998272e-02 1.741224100000000191e-02 4.371599840000000431e-03
6.638799999999998869e-02 1.727158000000000165e-02 4.156648350000000103e-03
6.672799999999999565e-02 1.937876080000000209e-02 4.074864410000000187e-03
6.706699999999998774e-02 1.977042809999999748e-02 4.191175220000000097e-03
6.740699999999999470e-02 1.380147489999999748e-02 4.385684530000000421e-03
6.774700000000000166e-02 2.409593989999999145e-02 4.392552790000000401e-03
6.808600000000000763e-02 1.401416270000000429e-02 3.970073640000000223e-03
6.842600000000000071e-02 2.209926129999999558e-02 4.151464589999999920e-03
6.876500000000000667e-02 1.452052150000000298e-02 4.046641759999999692e-03
6.910499999999998588e-02 1.491890269999999845e-02 4.003750189999999605e-03
6.944400000000000572e-02 1.353529909999999850e-02 4.142842400000000015e-03
6.978399999999998493e-02 1.142824309999999899e-02 4.111193449999999902e-03
7.012399999999999189e-02 1.829414479999999510e-02 3.843363590000000059e-03
7.046299999999999786e-02 1.609589469999999842e-02 3.864730360000000111e-03
7.080300000000001870e-02 1.993439729999999660e-02 3.917147000000000163e-03
7.114199999999999691e-02 1.884030260000000428e-02 3.699420689999999984e-03
7.148199999999998999e-02 9.454287570000000779e-03 3.480402940000000209e-03
7.182200000000001083e-02 1.157820160000000084e-02 3.549526470000000187e-03
7.216100000000000292e-02 9.531825090000001222e-03 3.787792999999999802e-03
7.250099999999998213e-02 1.181509610000000023e-02 3.475492560000000095e-03
7.283999999999998809e-02 1.739786559999999607e-02 3.498675169999999890e-03
7.317999999999999505e-02 1.763745209999999924e-02 3.657892949999999935e-03
7.351899999999998714e-02 1.266425109999999923e-02 3.418157790000000106e-03
7.385899999999998022e-02 1.264036130000000153e-02 3.445992819999999911e-03
7.419899999999998719e-02 1.251671200000000102e-02 3.316134860000000129e-03
7.453799999999999315e-02 1.191917629999999888e-02 3.471143920000000112e-03
7.487800000000001399e-02 1.601000270000000475e-02 3.232279409999999891e-03
7.521699999999999220e-02 7.888135829999998530e-03 3.296374129999999833e-03
7.555699999999998528e-02 1.009494099999999790e-02 3.316020490000000029e-03
7.589700000000002000e-02 5.766236779999999590e-03 3.318037289999999952e-03
7.623599999999998433e-02 1.493322879999999832e-02 3.103613659999999823e-03
7.657599999999999130e-02 1.262159729999999883e-02 3.390426910000000037e-03
7.691500000000001114e-02 5.465281040000001360e-03 3.166857400000000055e-03
7.725500000000001810e-02 1.405723220000000377e-02 3.170791400000000197e-03
7.759400000000001019e-02 8.798076470000000884e-03 3.214237219999999985e-03
7.793400000000000327e-02 1.066532339999999753e-02 3.089307470000000194e-03
7.827400000000001024e-02 1.305913890000000126e-02 3.147509929999999911e-03
7.861300000000001620e-02 1.125944860000000283e-02 3.010838369999999879e-03
7.895300000000000928e-02 1.012814650000000080e-02 3.103596750000000171e-03
7.929200000000001525e-02 1.215346209999999816e-02 3.132910769999999994e-03
7.963199999999999446e-02 7.332703569999998033e-03 3.073842120000000195e-03
7.997099999999998654e-02 8.990163580000001819e-03 2.873064509999999957e-03
8.031100000000000738e-02 1.216491700000000252e-02 3.041581929999999986e-03
8.065100000000000047e-02 1.039215180000000252e-02 3.050726250000000001e-03
8.099000000000000643e-02 1.562233019999999944e-02 2.828160379999999918e-03
8.133000000000001339e-02 4.017049390000001878e-03 2.949366919999999934e-03
8.166899999999999160e-02 8.546802109999997871e-03 3.022482500000000117e-03
8.200899999999998469e-02 7.519090889999996419e-03 2.700113450000000016e-03
8.234900000000001941e-02 6.683721519999998029e-03 3.004415099999999898e-03
8.268799999999998374e-02 1.173352379999999771e-02 2.742061159999999859e-03
8.302800000000001845e-02 1.213838139999999857e-02 2.869620030000000124e-03
8.336699999999999666e-02 5.832393649999998222e-03 2.700063810000000175e-03
8.370699999999998975e-02 1.305885499999999769e-02 2.987675380000000182e-03
8.404600000000000959e-02 7.241892800000000914e-03 2.729883050000000023e-03
8.438599999999998880e-02 1.100121839999999851e-02 2.705141360000000179e-03
8.472599999999999576e-02 1.039928340000000062e-02 2.652918819999999962e-03
8.506500000000001560e-02 6.523522110000000776e-03 2.719505130000000014e-03
8.540500000000000869e-02 1.169903350000000078e-02 2.708321990000000026e-03
8.574400000000001465e-02 7.415298089999997760e-03 2.762043679999999935e-03
8.608400000000000774e-02 8.237394330000003331e-03 2.785565990000000210e-03
8.642399999999998694e-02 1.159433439999999794e-02 2.837091229999999867e-03
8.676300000000002066e-02 6.928710950000000791e-03 2.584396190000000197e-03
8.710299999999999987e-02 6.680179189999999739e-03 2.541594959999999952e-03
8.744200000000001971e-02 1.043151680000000206e-02 2.729801329999999998e-03
8.778199999999999892e-02 5.745789819999998736e-03 2.596618650000000195e-03
8.812100000000001876e-02 9.540034499999995588e-03 2.556016989999999878e-03
8.846099999999999797e-02 8.930598760000000094e-03 2.546017419999999868e-03
8.880100000000000493e-02 1.078014910000000236e-02 2.425549329999999917e-03
8.914000000000001089e-02 8.911670679999997291e-03 2.572887560000000195e-03
8.948000000000001786e-02 4.169318370000001106e-03 2.571584220000000011e-03
8.981900000000000994e-02 5.361988409999999920e-03 2.559879399999999850e-03
9.015899999999998915e-02 6.349812259999998779e-03 2.544409310000000143e-03
9.049899999999998224e-02 3.068653480000000430e-03 2.551511279999999979e-03
9.083800000000001595e-02 7.946382830000002853e-03 2.347054600000000098e-03
9.117799999999999516e-02 4.779233949999998725e-03 2.439032990000000213e-03
9.151700000000000113e-02 1.446586109999999483e-03 2.430893429999999959e-03
9.185699999999998033e-02 7.031591730000002517e-03 2.404735710000000058e-03
9.219599999999998630e-02 8.658394160000002643e-03 2.526400419999999883e-03
9.253599999999997938e-02 7.602542860000002095e-03 2.210814910000000015e-03
9.287600000000000022e-02 4.982864159999999404e-03 2.480748169999999822e-03
9.321500000000000619e-02 9.378609870000000417e-03 2.509114870000000216e-03
9.355500000000001315e-02 9.547473049999997963e-03 2.387724529999999974e-03
9.389399999999999136e-02 4.610792180000002592e-03 2.202109189999999946e-03
9.423399999999999832e-02 1.058157960000000175e-02 2.459904550000000141e-03
9.457400000000000528e-02 7.788668469999997582e-03 2.529840749999999819e-03
9.491299999999998349e-02 7.729255199999999180e-03 2.329084620000000053e-03
9.525300000000000433e-02 3.472352599999999501e-03 2.429733089999999967e-03
9.559199999999998254e-02 5.687697519999997293e-03 2.320352280000000100e-03
9.593200000000001726e-02 5.796576409999997827e-03 2.305247309999999914e-03
9.627099999999999547e-02 8.795873890000003442e-03 2.372077140000000087e-03
9.661100000000000243e-02 5.386492029999999549e-03 2.407920520000000116e-03
9.695099999999998164e-02 6.118273040000001169e-03 2.208298280000000214e-03
9.728999999999997372e-02 5.731232279999998180e-03 2.200329679999999885e-03
9.762999999999996681e-02 4.177858470000001163e-03 2.214086340000000035e-03
9.796899999999998665e-02 4.481423390000001915e-03 2.239978179999999822e-03
9.830899999999997974e-02 5.510599330000000989e-03 2.311265060000000041e-03
9.864799999999999958e-02 6.142111069999998431e-03 2.268492840000000104e-03
9.898800000000000654e-02 4.685141700000000110e-03 2.296651790000000127e-03
9.932800000000001350e-02 5.456377780000001322e-03 2.191413900000000001e-03
9.966700000000000559e-02 2.903990649999999962e-03 2.269021689999999817e-03
1.000069999999999848e-01 9.628541230000002343e-04 2.278829049999999811e-03
1.003460000000000046e-01 1.242320180000000378e-02 2.350642510000000140e-03
1.006859999999999977e-01 8.780325799999997086e-03 2.181833819999999969e-03
1.010260000000000047e-01 4.012807540000000624e-03 2.181498139999999905e-03
1.013649999999999968e-01 4.995715020000000318e-03 2.161482489999999937e-03
1.017050000000000037e-01 3.961892039999998817e-03 2.117217729999999916e-03
1.020439999999999958e-01 5.541160939999997814e-03 2.273199559999999984e-03
1.023839999999999889e-01 7.748243460000003510e-03 2.179349059999999890e-03
1.027229999999999949e-01 6.389920769999998980e-03 2.149027840000000081e-03
1.030630000000000018e-01 6.177977390000001338e-03 2.158450609999999856e-03
1.034029999999999810e-01 8.139040829999997714e-03 1.871595080000000100e-03
1.037420000000000148e-01 5.321116850000001675e-03 2.170723050000000071e-03
1.040819999999999940e-01 7.668776859999997843e-03 2.205832339999999961e-03
1.044209999999999861e-01 7.701516150000000532e-03 2.070318060000000005e-03
1.047610000000000069e-01 1.054888980000000254e-02 2.284955339999999915e-03
1.051010000000000000e-01 3.830034929999999276e-03 2.280763280000000070e-03
1.057799999999999851e-01 2.308350680000000564e-03 2.211102749999999985e-03
1.061190000000000050e-01 5.268335109999999419e-03 2.102520420000000140e-03
1.064590000000000120e-01 1.234137489999999294e-03 2.101919360000000132e-03
1.067979999999999902e-01 5.762903169999999096e-03 2.058250210000000212e-03
1.071379999999999971e-01 4.074984199999998578e-03 2.217010250000000030e-03
1.074780000000000041e-01 1.388126699999999748e-03 2.108603540000000137e-03
1.078169999999999962e-01 3.942179800000001656e-03 2.158438290000000079e-03
1.081570000000000170e-01 2.649779870000000970e-03 2.056758740000000189e-03
1.084959999999999952e-01 4.638954879999999774e-03 2.119081200000000158e-03
1.088359999999999883e-01 6.626111959999996665e-04 2.129610459999999993e-03
1.091760000000000091e-01 6.911400290000003013e-03 2.022812149999999969e-03
1.095150000000000151e-01 1.951746680000000398e-03 2.160588959999999812e-03
1.098549999999999804e-01 3.669337299999998313e-03 1.938265690000000058e-03
1.101939999999999864e-01 5.040473989999997954e-03 2.115516879999999964e-03
1.105339999999999934e-01 3.312254499999999022e-03 2.003152480000000048e-03
1.108729999999999855e-01 6.560575870000002509e-03 2.119948510000000102e-03
1.112130000000000063e-01 4.416778599999999014e-03 1.921125579999999940e-03
1.115529999999999994e-01 8.034194859999998009e-03 1.939995849999999987e-03
1.118920000000000053e-01 1.025386430000000109e-03 1.931514309999999906e-03
1.122320000000000123e-01 4.522210370000001589e-03 2.139996300000000014e-03
1.125710000000000044e-01 3.393681229999998602e-03 1.931620260000000040e-03
1.129110000000000114e-01 1.812379470000000971e-03 1.955144440000000216e-03
1.132499999999999896e-01 1.133213530000000153e-03 2.035303899999999899e-03
1.135900000000000104e-01 2.696735440000000861e-03 2.062471619999999874e-03
1.139300000000000035e-01 1.477849499999999566e-03 2.067719699999999786e-03
1.142689999999999956e-01 1.510089439999999375e-03 1.930417910000000077e-03
1.146090000000000164e-01 2.596908730000000321e-03 1.936367719999999978e-03
1.149479999999999946e-01 2.062312960000000240e-03 1.890062180000000010e-03
1.152880000000000155e-01 2.874603890000000661e-03 1.908252210000000067e-03
1.156279999999999947e-01 4.002465410000002020e-03 1.945932920000000054e-03
1.159669999999999868e-01 5.820765430000002932e-03 2.042655540000000002e-03
1.163069999999999937e-01 4.734965419999999890e-03 1.927604650000000084e-03
1.166460000000000136e-01 4.926682449999997271e-03 2.016107980000000043e-03
1.169860000000000066e-01 6.063570520000000422e-03 1.897838750000000038e-03
1.176650000000000057e-01 4.477895299999999634e-03 1.843746230000000005e-03
1.180049999999999988e-01 1.991262569999999611e-03 2.015481060000000151e-03
1.183439999999999909e-01 2.272935610000000398e-03 2.067947489999999878e-03
1.186839999999999978e-01 1.002846219999999934e-03 2.055741780000000171e-03
1.190229999999999899e-01 7.263978869999999054e-03 2.071425159999999797e-03
1.193629999999999969e-01 1.970221749999999470e-03 2.034095740000000166e-03
1.197030000000000038e-01 2.191206750000000269e-03 2.035902640000000069e-03
1.200419999999999821e-01 6.436206739999998649e-03 1.915661230000000092e-03
1.203820000000000029e-01 5.840935840000001204e-03 2.067957599999999813e-03
1.210610000000000019e-01 3.516069629999998922e-03 1.997244760000000015e-03
1.213999999999999801e-01 5.120805439999999951e-03 1.795581729999999989e-03
1.217399999999999871e-01 1.529846120000000025e-03 1.886473199999999907e-03
1.220799999999999802e-01 3.528363630000000157e-03 1.888152869999999922e-03
1.224190000000000139e-01 2.169541440000000068e-03 1.882772540000000015e-03
1.227590000000000070e-01 3.569421699999999944e-03 1.887827680000000010e-03
1.230979999999999852e-01 6.763231809999999122e-03 1.971298450000000171e-03
1.234380000000000061e-01 4.206116630000001147e-03 1.985946929999999905e-03
1.237779999999999991e-01 3.176496229999999955e-03 1.815433360000000057e-03
1.241170000000000051e-01 3.009227279999999050e-03 1.903639209999999967e-03
1.244570000000000121e-01 3.305949679999999318e-03 1.907951960000000028e-03
1.247959999999999903e-01 4.537334150000001641e-03 1.984805019999999996e-03
1.251359999999999972e-01 5.261312569999997482e-03 1.784254529999999925e-03
1.254750000000000032e-01 4.913407459999999741e-03 1.824312829999999962e-03
1.258150000000000102e-01 6.771440989999996142e-03 1.859803290000000076e-03
1.264939999999999953e-01 3.365155230000001132e-03 1.926909689999999932e-03
1.268339999999999745e-01 3.480312630000000681e-03 1.871294180000000057e-03
1.271730000000000083e-01 1.802723059999999759e-03 1.841934830000000085e-03
1.275129999999999875e-01 1.664277189999999705e-04 1.889392410000000034e-03
1.278529999999999944e-01 1.620804840000000108e-03 1.842484039999999976e-03
1.281920000000000004e-01 1.710395829999999473e-03 1.835185899999999901e-03
1.285320000000000074e-01 4.932074450000001288e-04 1.799265140000000070e-03
1.288710000000000411e-01 3.746156320000000942e-03 1.799115279999999968e-03
1.292109999999999925e-01 2.986723179999999436e-03 1.854698209999999922e-03
1.295499999999999985e-01 3.759246410000000906e-03 1.891530179999999922e-03
1.298900000000000055e-01 5.552271309999997143e-03 1.874088789999999978e-03
1.302300000000000124e-01 2.324541790000000593e-03 1.818621589999999894e-03
1.305689999999999629e-01 2.446436029999999196e-03 1.872918330000000091e-03
1.309089999999999976e-01 5.712149149999997365e-03 1.754557959999999972e-03
1.312480000000000036e-01 3.656827300000000183e-03 1.797813110000000096e-03
1.315879999999999828e-01 5.615754749999998666e-04 1.848539759999999954e-03
1.319269999999999887e-01 2.821744099999999762e-03 1.821029010000000010e-03
1.322670000000000234e-01 2.023480929999999563e-03 1.764765450000000107e-03
1.326070000000000026e-01 3.999702659999999910e-03 1.624689429999999924e-03
1.329460000000000086e-01 1.192042519999999585e-03 1.790412230000000071e-03
1.332859999999999878e-01 4.138310830000000232e-03 1.903154339999999943e-03
1.336249999999999938e-01 5.139062150000002667e-03 1.778307299999999907e-03
1.339650000000000285e-01 2.261386320000001102e-03 1.750233120000000081e-03
1.343050000000000077e-01 4.699112010000001775e-03 1.840525879999999927e-03
1.346440000000000137e-01 4.114009479999998151e-03 1.828404189999999945e-03
1.353229999999999988e-01 2.856217129999999785e-03 1.817637609999999933e-03
1.356630000000000058e-01 5.096044030000001194e-05 1.744006630000000070e-03
1.360020000000000395e-01 1.087018819999999468e-03 1.711247450000000095e-03
1.363419999999999632e-01 2.169652400000000349e-03 1.775237430000000055e-03
1.366819999999999979e-01 2.042854820000000824e-03 1.749412899999999976e-03
1.370210000000000039e-01 2.342963869999999116e-03 1.799154629999999942e-03
1.373610000000000109e-01 4.013993460000001186e-03 1.739996300000000050e-03
1.376999999999999891e-01 5.044115450000001728e-03 1.834573389999999892e-03
1.380399999999999683e-01 2.138126400000000095e-04 1.905755689999999924e-03
1.383800000000000030e-01 2.766325109999999594e-03 1.727429080000000058e-03
1.387190000000000367e-01 1.661751860000000190e-03 1.855223210000000057e-03
1.390589999999999882e-01 3.655316200000000536e-03 1.742297399999999993e-03
1.393979999999999664e-01 3.436770850000000956e-03 1.660561230000000017e-03
1.397380000000000289e-01 4.978222779999997780e-03 1.861844469999999942e-03
1.400770000000000071e-01 3.427922139999999354e-03 1.822645680000000009e-03
1.404169999999999585e-01 1.040023089999999803e-03 1.752381749999999943e-03
1.407570000000000210e-01 3.330820640000000006e-03 1.752923580000000049e-03
1.410959999999999992e-01 2.755867369999999775e-03 1.935981760000000029e-03
1.414360000000000062e-01 4.237923129999997957e-03 1.794246669999999917e-03
1.417750000000000121e-01 3.709635399999999025e-03 1.901663750000000090e-03
1.421149999999999913e-01 5.557236920000000998e-04 1.824341960000000007e-03
1.424549999999999983e-01 1.140953490000000316e-03 1.803714789999999978e-03
1.427940000000000043e-01 1.187436189999999288e-03 1.885264289999999919e-03
1.434729999999999894e-01 5.148276570000000565e-03 1.807890680000000033e-03
1.438130000000000241e-01 1.098293130000000046e-04 1.900867589999999906e-03
1.441520000000000024e-01 2.300885139999999892e-04 1.777236389999999923e-03
1.444920000000000093e-01 4.097255590000002147e-03 1.936360920000000044e-03
1.448319999999999885e-01 3.440237600000000708e-03 1.902346299999999957e-03
1.451709999999999945e-01 4.882577419999997704e-04 1.717910310000000072e-03
1.455110000000000292e-01 6.582955780000000062e-04 1.876315680000000029e-03
1.465289999999999926e-01 2.402357679999998948e-03 1.879726900000000056e-03
1.468689999999999996e-01 2.929176530000000400e-03 1.962708880000000027e-03
1.472090000000000065e-01 7.560714049999998779e-04 1.773435060000000049e-03
1.475480000000000125e-01 2.712465060000000035e-03 1.823759859999999917e-03
1.482269999999999976e-01 1.391589759999999499e-03 1.887870079999999940e-03
1.485670000000000046e-01 5.222292939999997885e-03 1.949842829999999961e-03
1.492459999999999898e-01 2.316632010000000720e-03 1.981702880000000069e-03
1.495859999999999967e-01 2.730540980000000038e-03 1.861866150000000050e-03
1.499250000000000027e-01 4.967361889999999044e-03 2.103104299999999840e-03
1.502650000000000097e-01 1.698274819999999593e-03 1.830628929999999913e-03
1.506039999999999601e-01 3.627436630000000026e-03 1.805162639999999957e-03
1.512840000000000018e-01 1.863988050000000467e-03 1.822433339999999981e-03
1.516230000000000078e-01 2.611960039999999816e-03 1.858461930000000024e-03
1.519630000000000147e-01 3.161303670000001082e-03 1.899306039999999968e-03
1.523019999999999929e-01 2.477625429999998942e-03 1.835165689999999992e-03
1.526419999999999999e-01 3.115353419999999148e-03 1.946942460000000014e-03
1.529820000000000346e-01 1.593299679999999729e-03 1.915292569999999970e-03
1.533209999999999851e-01 3.521043059999999069e-03 1.875461510000000056e-03
1.539999999999999980e-01 4.229699869999999085e-03 1.969083850000000017e-03
1.546790000000000109e-01 4.621344930000002675e-03 2.019108740000000006e-03
1.550189999999999901e-01 3.640756360000000930e-03 2.044853850000000195e-03
1.556980000000000308e-01 1.821650929999999932e-03 1.864314570000000053e-03
1.560379999999999823e-01 2.748496499999999749e-03 1.860309799999999934e-03
1.563769999999999882e-01 4.236339729999998374e-03 2.033565880000000152e-03
1.567169999999999674e-01 2.167160390000000183e-03 1.852138359999999997e-03
1.570569999999999744e-01 6.156980830000000418e-03 1.977186640000000179e-03
1.573959999999999804e-01 1.304134650000000418e-03 1.928717120000000102e-03
1.577359999999999873e-01 2.855902169999998894e-03 1.887115599999999961e-03
1.580750000000000210e-01 2.165341900000000621e-03 1.925354879999999951e-03
1.584149999999999725e-01 2.379069110000001010e-03 1.901983270000000108e-03
1.587540000000000062e-01 2.864985120000000077e-04 1.916758479999999994e-03
1.590940000000000132e-01 5.543273399999999740e-03 1.913759500000000073e-03
1.594339999999999924e-01 4.051012380000000752e-03 1.988634769999999934e-03
1.601130000000000331e-01 3.763742709999999048e-04 1.916893889999999939e-03
1.604519999999999835e-01 2.176641550000000831e-03 1.801433029999999951e-03
1.611319999999999975e-01 3.044730159999999627e-03 1.786132150000000005e-03
1.614710000000000034e-01 8.852817510000000043e-05 1.876068820000000026e-03
1.624899999999999956e-01 2.328027259999999269e-03 1.983323969999999971e-03
1.628290000000000015e-01 3.374826500000000212e-03 1.876084149999999919e-03
1.631690000000000362e-01 3.529754850000001339e-03 1.958062610000000162e-03
1.638479999999999659e-01 2.717205150000001016e-03 1.834733970000000094e-03
1.641880000000000006e-01 1.015752140000000499e-03 1.891702560000000028e-03
1.645270000000000066e-01 2.074801189999999056e-03 2.002213029999999963e-03
1.648670000000000413e-01 4.156781099999997883e-03 1.976939479999999857e-03
1.655460000000000265e-01 3.432376210000000465e-03 1.956815189999999878e-03
1.658860000000000057e-01 5.112562220000000605e-04 1.750873299999999898e-03
1.662250000000000116e-01 4.079142360000000849e-04 2.002782890000000173e-03
1.669040000000000246e-01 4.096419380000001532e-03 1.963720170000000150e-03
1.672439999999999760e-01 2.291413640000000435e-03 1.970045630000000214e-03
1.675840000000000107e-01 3.245134530000001131e-03 1.945316809999999902e-03
1.679230000000000167e-01 1.268783879999999626e-03 2.036162000000000215e-03
1.689420000000000088e-01 2.653752360000000187e-04 1.981368140000000153e-03
1.696209999999999940e-01 5.141889809999998680e-03 1.850796069999999975e-03
1.699610000000000287e-01 1.162981810000000447e-03 1.841173310000000047e-03
1.703000000000000069e-01 4.475118379999997766e-03 1.947819099999999973e-03
1.706399999999999861e-01 1.256022060000000279e-03 2.043498419999999986e-03
1.709789999999999921e-01 3.278003640000000298e-03 1.789668730000000020e-03
1.713190000000000268e-01 4.599034949999998155e-04 1.890709319999999988e-03
1.716590000000000060e-01 2.125145429999999742e-03 1.976229690000000198e-03
1.719980000000000397e-01 7.786191110000000243e-04 1.850882930000000062e-03
