4.498999999999999527e-03 8.066087960000000834e+00 9.293746170000000140e-01
4.668999999999997805e-03 9.063029939999999840e+00 9.212045840000000485e-01
4.839000000000002154e-03 8.115548430000000479e+00 8.647809469999999665e-01
5.009000000000003033e-03 7.827544089999999066e+00 8.034751449999999462e-01
5.178999999999999576e-03 8.718603749999999764e+00 8.285949369999999758e-01
5.347999999999998588e-03 8.234871970000002150e+00 7.767657829999999874e-01
5.518000000000000335e-03 7.532481130000000746e+00 7.386917720000000243e-01
5.688000000000000347e-03 7.254524609999998930e+00 6.922830509999999826e-01
5.858000000000001227e-03 5.885829079999999713e+00 6.452206129999999984e-01
6.027999999999998637e-03 5.764157120000000134e+00 6.134381190000000039e-01
6.197000000000001119e-03 6.736998350000000357e+00 6.183706610000000437e-01
6.367000000000001998e-03 7.282581890000000335e+00 6.127802869999999791e-01
6.536999999999999408e-03 5.967501010000001216e+00 5.594884700000000155e-01
6.707000000000002023e-03 6.242780220000001101e+00 5.689349839999999769e-01
6.877000000000001168e-03 6.282665729999999726e+00 5.649743760000000004e-01
7.045999999999998445e-03 5.633420689999999453e+00 5.401931490000000391e-01
7.216000000000001059e-03 4.784670259999999509e+00 5.003575639999999769e-01
7.386000000000001071e-03 5.061289610000000216e+00 4.955661080000000052e-01
7.556000000000001084e-03 5.945752829999999989e+00 5.107597670000000312e-01
7.726000000000001096e-03 6.527379419999999044e+00 5.367793899999999674e-01
7.895000000000002710e-03 5.553756610000000649e+00 4.711202789999999752e-01
8.064999999999999253e-03 5.734524790000000039e+00 4.814681410000000161e-01
8.235000000000002734e-03 5.395783099999999166e+00 4.603658889999999726e-01
8.404999999999997543e-03 5.596752209999999117e+00 4.612390439999999869e-01
8.574000000000000024e-03 5.903429209999999649e+00 4.595940029999999732e-01
8.743999999999996567e-03 6.429300879999999552e+00 4.736275999999999820e-01
8.913999999999996579e-03 6.252949120000000249e+00 4.698170569999999824e-01
9.083999999999996591e-03 5.347900290000001000e+00 4.238852699999999807e-01
9.254000000000001808e-03 6.061814690000000283e+00 4.655967400000000089e-01
9.422999999999995616e-03 5.956154350000000264e+00 4.444858529999999863e-01
9.593000000000002567e-03 6.070829139999999846e+00 4.348770659999999788e-01
9.762999999999997375e-03 6.332947950000001214e+00 4.563517140000000194e-01
9.933000000000006061e-03 6.612738370000000643e+00 4.486681330000000245e-01
1.010299999999999913e-02 7.147647329999999855e+00 4.566817699999999869e-01
1.027200000000000162e-02 5.940908659999999841e+00 4.111989389999999855e-01
1.044200000000000163e-02 8.001531290000000851e+00 4.742515889999999734e-01
1.061200000000000164e-02 6.677800610000001136e+00 4.293327889999999925e-01
1.078200000000000165e-02 7.542732449999999922e+00 4.665858330000000054e-01
1.095199999999999819e-02 7.342359859999999294e+00 4.494215549999999726e-01
1.112099999999999894e-02 7.720764350000000498e+00 4.521299169999999923e-01
1.129099999999999722e-02 7.266516499999999823e+00 4.375165579999999999e-01
1.146100000000000070e-02 8.003029730000001507e+00 4.471665550000000211e-01
1.163100000000000071e-02 8.136062880000000774e+00 4.683622230000000219e-01
1.180000000000000319e-02 8.453495289999999329e+00 4.640540089999999895e-01
1.197000000000000321e-02 8.125621580000000677e+00 4.516144710000000173e-01
1.213999999999999801e-02 8.796830639999999590e+00 4.591935489999999787e-01
1.231000000000000150e-02 8.140214139999999432e+00 4.441646719999999826e-01
1.247999999999999977e-02 8.624062950000000782e+00 4.514197349999999886e-01
1.264899999999999879e-02 8.112894049999999524e+00 4.363555239999999946e-01
1.281900000000000400e-02 8.115625610000000378e+00 4.339281420000000167e-01
1.298900000000000055e-02 7.839079459999999777e+00 4.197615929999999884e-01
1.315900000000000056e-02 7.350263699999999290e+00 4.010887550000000190e-01
1.332899999999999884e-02 7.323118670000001273e+00 4.066478000000000037e-01
1.349799999999999785e-02 7.818601779999999835e+00 4.105509990000000276e-01
1.366800000000000133e-02 7.147586150000000416e+00 3.959594339999999990e-01
1.383799999999999614e-02 6.881819339999998952e+00 3.825817349999999784e-01
1.400799999999999788e-02 5.975476150000000430e+00 3.516844149999999725e-01
1.417800000000000137e-02 5.463212269999999648e+00 3.376025890000000085e-01
1.434700000000000038e-02 5.329282030000000780e+00 3.311376180000000224e-01
1.451699999999999866e-02 5.020723120000000428e+00 3.201892479999999819e-01
1.468699999999999867e-02 4.664465279999999048e+00 3.088678790000000118e-01
1.485699999999999868e-02 4.771146800000000354e+00 3.087424970000000046e-01
1.502699999999999869e-02 4.242004299999999617e+00 2.935230750000000222e-01
1.519600000000000291e-02 3.833099949999999367e+00 2.729955020000000010e-01
1.536599999999999772e-02 3.593554250000000394e+00 2.650805139999999893e-01
1.553600000000000293e-02 3.969836529999999808e+00 2.720757059999999727e-01
1.570599999999999774e-02 2.978592050000000047e+00 2.399919939999999863e-01
1.587500000000000022e-02 3.271542559999999433e+00 2.595765230000000034e-01
1.604500000000000023e-02 2.898371889999999951e+00 2.350444550000000132e-01
1.621499999999999678e-02 2.767548919999999857e+00 2.239198460000000057e-01
1.638499999999999679e-02 2.600452440000000198e+00 2.175441240000000054e-01
1.655500000000000027e-02 2.752269759999999899e+00 2.258996520000000063e-01
1.672399999999999581e-02 2.651319120000000140e+00 2.182824810000000004e-01
1.689400000000000276e-02 2.448790189999999978e+00 2.123873410000000073e-01
1.706399999999999931e-02 2.147942200000000135e+00 1.959655690000000061e-01
1.723399999999999932e-02 2.125871290000000080e+00 2.023259639999999970e-01
1.740399999999999933e-02 1.932108520000000107e+00 1.930863600000000124e-01
1.757299999999999487e-02 1.887010190000000032e+00 1.948537130000000117e-01
1.774299999999999836e-02 1.972708090000000025e+00 1.898548700000000089e-01
1.791300000000000184e-02 1.865216329999999978e+00 1.868636860000000011e-01
1.808299999999999838e-02 1.422872640000000022e+00 1.738753459999999862e-01
1.825300000000000186e-02 1.671412759999999942e+00 1.868092369999999891e-01
1.842200000000000087e-02 1.821150409999999997e+00 1.860334429999999928e-01
1.859200000000000089e-02 1.470162350000000062e+00 1.750025229999999932e-01
1.876199999999999743e-02 1.556200079999999986e+00 1.661322749999999959e-01
1.893200000000000438e-02 1.053090029999999899e+00 1.510745159999999920e-01
1.910200000000000092e-02 1.801501999999999937e+00 1.949570250000000060e-01
1.927099999999999647e-02 1.478606260000000061e+00 1.757037929999999970e-01
1.944099999999999648e-02 1.318976769999999910e+00 1.648235100000000064e-01
1.961099999999999649e-02 1.887011350000000087e+00 1.874502439999999881e-01
1.978099999999999997e-02 1.226572999999999913e+00 1.615582459999999887e-01
1.994999999999999551e-02 1.458416949999999934e+00 1.702434060000000138e-01
2.012000000000000247e-02 1.411098530000000073e+00 1.614602420000000038e-01
2.028999999999999901e-02 1.355721270000000089e+00 1.606409759999999909e-01
2.046000000000000249e-02 1.288275119999999996e+00 1.623472029999999955e-01
2.062999999999999903e-02 1.335209010000000029e+00 1.576800690000000060e-01
2.079900000000000151e-02 1.481034500000000032e+00 1.672824340000000076e-01
2.096900000000000153e-02 1.541486719999999977e+00 1.672163869999999941e-01
2.113899999999999807e-02 1.453724720000000081e+00 1.692441650000000020e-01
2.130899999999999461e-02 1.303188489999999922e+00 1.598730270000000009e-01
2.147900000000000156e-02 1.131812150000000017e+00 1.439081769999999982e-01
2.164800000000000058e-02 1.237247930000000107e+00 1.499785240000000019e-01
2.181800000000000406e-02 1.016974400000000056e+00 1.464975779999999894e-01
2.198799999999999713e-02 1.337759920000000102e+00 1.556073420000000096e-01
2.215800000000000061e-02 1.220919649999999912e+00 1.481772719999999988e-01
2.232799999999999715e-02 1.185254749999999913e+00 1.519690900000000011e-01
2.249699999999999617e-02 1.211663839999999936e+00 1.502230069999999917e-01
2.266700000000000312e-02 1.324458729999999917e+00 1.510008499999999920e-01
2.283699999999999619e-02 1.350253619999999932e+00 1.532257589999999892e-01
2.300699999999999967e-02 1.284203619999999990e+00 1.550803609999999999e-01
2.317699999999999622e-02 1.054677960000000025e+00 1.470911390000000096e-01
2.334599999999999870e-02 1.034163439999999934e+00 1.348116329999999863e-01
2.351599999999999871e-02 1.177175309999999975e+00 1.410681940000000079e-01
2.368599999999999872e-02 9.856086290000000139e-01 1.342287879999999878e-01
2.385599999999999873e-02 9.700433320000000359e-01 1.274677419999999950e-01
2.402500000000000122e-02 9.572691389999999911e-01 1.287991009999999992e-01
2.419499999999999776e-02 1.156340780000000068e+00 1.324436149999999868e-01
2.436500000000000124e-02 1.055010549999999991e+00 1.349737139999999946e-01
2.453499999999999778e-02 9.605111119999999447e-01 1.201475899999999986e-01
2.470500000000000126e-02 7.702967400000000353e-01 1.145702370000000053e-01
2.487399999999999334e-02 8.152859059999999491e-01 1.104171939999999963e-01
2.504400000000000376e-02 7.508108129999999658e-01 1.101523080000000043e-01
2.521400000000000724e-02 8.884614779999999712e-01 1.113606609999999997e-01
2.538400000000000725e-02 7.100982019999999562e-01 1.050986950000000059e-01
2.555400000000000726e-02 7.691533529999999841e-01 1.058283790000000002e-01
2.572300000000000281e-02 6.372246190000000476e-01 1.103826769999999985e-01
2.589300000000000282e-02 7.201976789999999795e-01 1.035693460000000066e-01
2.606299999999999936e-02 5.840893219999999664e-01 9.170338660000000586e-02
2.623300000000000284e-02 5.161682880000000306e-01 9.504270459999999976e-02
2.640300000000000286e-02 6.353902970000000483e-01 1.000408339999999952e-01
2.657199999999999493e-02 4.433837130000000126e-01 9.441716360000000641e-02
2.674199999999999841e-02 4.672080149999999765e-01 8.667227560000000108e-02
2.691200000000000189e-02 3.645597689999999780e-01 7.784660509999999367e-02
2.708200000000000190e-02 5.248402049999999486e-01 9.142169290000000392e-02
2.725100000000000092e-02 3.210357249999999940e-01 7.535160330000000017e-02
2.742100000000000093e-02 2.782449830000000013e-01 7.473713099999999832e-02
2.759099999999999400e-02 3.850527469999999730e-01 7.729184910000000408e-02
2.776100000000000789e-02 3.327969219999999950e-01 6.644636569999999576e-02
2.793100000000000097e-02 1.799469810000000336e-01 6.588556550000000678e-02
2.809999999999999304e-02 3.554574779999999934e-01 7.003097730000000520e-02
2.826999999999999652e-02 1.987504769999999810e-01 5.763247199999999709e-02
2.843999999999999653e-02 2.382446970000000330e-01 6.170487410000000117e-02
2.861000000000000001e-02 2.612297399999999881e-01 5.867006439999999934e-02
2.878000000000000350e-02 1.552998130000000088e-01 7.215918429999999828e-02
2.894899999999999904e-02 9.432653280000001528e-02 6.142526289999999944e-02
2.911899999999999905e-02 1.117046239999999885e-01 5.901926109999999781e-02
2.928900000000000253e-02 1.851756979999999997e-01 5.521134560000000302e-02
2.945899999999999561e-02 2.203929670000000229e-01 5.948627150000000002e-02
2.962899999999999562e-02 9.494539399999998852e-02 5.682205850000000141e-02
2.979800000000000504e-02 1.764238380000000272e-01 6.141350379999999803e-02
2.996799999999999811e-02 1.672102699999999942e-01 5.173925210000000080e-02
3.013800000000000159e-02 1.559139109999999884e-01 5.074480910000000317e-02
3.030800000000000161e-02 1.534838239999999736e-02 5.916434940000000337e-02
3.047800000000000162e-02 5.061725019999999131e-02 4.650899950000000199e-02
3.064699999999999716e-02 2.235061029999999838e-01 6.371449510000000427e-02
3.081699999999999370e-02 7.290915339999999578e-02 5.494669759999999681e-02
3.098700000000000412e-02 3.763015219999999578e-02 4.649214709999999889e-02
3.115699999999999373e-02 5.769283940000000804e-02 4.015634490000000167e-02
3.132599999999999968e-02 8.073432440000001542e-02 3.854099820000000259e-02
3.166599999999999970e-02 3.854530800000000035e-02 4.888128669999999842e-02
3.183599999999999625e-02 6.830839989999999695e-02 4.582624410000000342e-02
3.200600000000000667e-02 7.267073300000001512e-02 5.697997419999999841e-02
3.217500000000000221e-02 1.070452820000000194e-01 4.787335239999999936e-02
3.268499999999999184e-02 1.741322660000000147e-02 5.320590359999999991e-02
3.302400000000000474e-02 1.693823079999999884e-02 3.840757029999999905e-02
3.319400000000000822e-02 6.303633910000001894e-02 4.741524400000000222e-02
3.336399999999999783e-02 6.239412880000001077e-02 4.526316429999999863e-02
3.370399999999999785e-02 2.364966210000000665e-02 3.041656660000000012e-02
3.387300000000000727e-02 3.381593850000001039e-02 4.391771450000000326e-02
3.404299999999999687e-02 2.330656780000000053e-02 4.615629479999999729e-02
3.421300000000000036e-02 7.858998370000001843e-02 4.580732529999999997e-02
3.438299999999999690e-02 6.970586910000001191e-02 4.489243960000000033e-02
3.455300000000000732e-02 1.035289529999999791e-02 4.342727839999999812e-02
3.489200000000000634e-02 6.257653809999999539e-03 3.941812609999999911e-02
3.506200000000000983e-02 4.972860160000000529e-02 4.738028190000000139e-02
3.523199999999999943e-02 5.058792470000000180e-02 3.757003240000000160e-02
3.540100000000000885e-02 6.714479780000000286e-02 3.717053520000000028e-02
3.557099999999999151e-02 4.812844630000000234e-02 4.479373569999999666e-02
3.574100000000000887e-02 5.699922329999999177e-02 4.195363939999999930e-02
3.608099999999999502e-02 4.222782879999999184e-02 4.275023640000000236e-02
3.625000000000000444e-02 4.874446219999999108e-02 4.045103409999999816e-02
3.642000000000000792e-02 7.463862450000000037e-02 3.919839349999999778e-02
3.658999999999999753e-02 6.805624620000001561e-03 3.898548710000000056e-02
3.676000000000000101e-02 8.236488649999999800e-02 3.786540649999999703e-02
3.693000000000000449e-02 5.646354589999999507e-02 3.853715989999999952e-02
3.709900000000000003e-02 6.439878059999998294e-02 4.333946169999999820e-02
3.726899999999998964e-02 6.162090439999999558e-02 4.501783439999999803e-02
3.743900000000000006e-02 7.256500009999999889e-02 4.005528900000000087e-02
3.777900000000000008e-02 1.831124000000000293e-02 3.970740880000000333e-02
3.794799999999999562e-02 8.459139869999998673e-02 4.323374049999999941e-02
3.811799999999999217e-02 6.523850259999999790e-02 3.898380449999999664e-02
3.845799999999999219e-02 1.105514719999999840e-01 3.756423789999999846e-02
3.862799999999999567e-02 1.947753889999999724e-02 4.607163880000000183e-02
3.879699999999999815e-02 5.286907709999999483e-02 4.030514999999999792e-02
3.896699999999999470e-02 7.586175459999998372e-02 3.851490519999999779e-02
3.913699999999999818e-02 1.243581639999999898e-02 3.919765170000000243e-02
3.930699999999999472e-02 1.853159580000000167e-02 4.554681769999999880e-02
3.947599999999999720e-02 1.509206290000000006e-01 4.624031509999999845e-02
3.964600000000000068e-02 9.141927010000000520e-02 3.475405100000000108e-02
3.998600000000000765e-02 9.156147329999998752e-02 3.976118499999999750e-02
4.015600000000000419e-02 9.637533860000001285e-02 4.282644220000000196e-02
4.032499999999999279e-02 7.925116860000001873e-02 3.757824039999999727e-02
4.049500000000000322e-02 9.602499989999999097e-02 3.958133390000000140e-02
4.066499999999999976e-02 1.016135940000000015e-01 4.534167480000000222e-02
4.083500000000000324e-02 5.017069210000000418e-02 3.815471200000000035e-02
4.100500000000000672e-02 6.928246220000000566e-02 3.944437099999999891e-02
4.117399999999999533e-02 5.709137749999999151e-02 3.503608910000000076e-02
4.134400000000000575e-02 1.502364160000000115e-01 4.973702499999999721e-02
4.151400000000000229e-02 1.212509779999999954e-01 4.476997939999999981e-02
4.168400000000000577e-02 5.355495239999999435e-02 4.029364369999999945e-02
4.185400000000000925e-02 4.230044930000000092e-02 3.838019289999999861e-02
4.202299999999999786e-02 2.259753899999999635e-02 4.092627990000000104e-02
4.219300000000000828e-02 5.401959139999999715e-02 3.396292280000000330e-02
4.236299999999999094e-02 5.347344339999999391e-02 4.343358659999999732e-02
4.253300000000000136e-02 2.432356369999999490e-02 4.210779199999999806e-02
4.287200000000000732e-02 8.346953609999999135e-02 3.676174509999999979e-02
4.304199999999999693e-02 8.300902990000001702e-02 3.643203099999999667e-02
4.321200000000000735e-02 5.891955580000000914e-02 4.068585770000000129e-02
4.338199999999999695e-02 1.446701720000000135e-01 4.289143480000000286e-02
4.355100000000001331e-02 5.846680019999999506e-02 4.118393199999999948e-02
4.372100000000000292e-02 2.591833259999999986e-02 4.544262030000000008e-02
4.389099999999999252e-02 3.542933229999999101e-02 4.160744169999999742e-02
4.406100000000000988e-02 3.711577789999999377e-02 4.073219680000000203e-02
4.423099999999999948e-02 1.146485150000000524e-03 3.976792020000000094e-02
4.440000000000000197e-02 3.118441969999999688e-02 3.720300960000000323e-02
4.456999999999999851e-02 7.927740199999998294e-02 3.618999500000000258e-02
4.474000000000000199e-02 2.449552369999999715e-02 3.489758069999999990e-02
4.490999999999999159e-02 1.783444390000000004e-02 3.289022679999999837e-02
4.508000000000000201e-02 7.789846499999998619e-02 3.969832699999999853e-02
4.524899999999999756e-02 7.146330770000000610e-02 3.644719329999999979e-02
4.541900000000000104e-02 9.696485350000003112e-02 3.833090499999999845e-02
4.558899999999999758e-02 8.919885330000001944e-02 4.008654460000000280e-02
4.575900000000000800e-02 5.726093370000000238e-02 3.627843170000000228e-02
4.609800000000000703e-02 7.457959209999999450e-02 3.724659990000000337e-02
4.626799999999998275e-02 2.262007660000000045e-02 4.099754330000000141e-02
4.643800000000000011e-02 1.208255710000000205e-01 4.085522469999999795e-02
4.660800000000000359e-02 6.975232460000001244e-02 3.250835199999999731e-02
4.694700000000000956e-02 9.077677319999997996e-02 3.512414619999999765e-02
4.711699999999999222e-02 5.599793270000000267e-02 3.099129730000000152e-02
4.728699999999999570e-02 2.905587269999999889e-02 3.745161749999999928e-02
4.745699999999999225e-02 9.234572540000000884e-02 4.003698440000000303e-02
4.762600000000001554e-02 4.270379869999998967e-02 3.948931199999999864e-02
4.779599999999998433e-02 1.056443670000000064e-02 3.541535249999999690e-02
4.796600000000000169e-02 5.986116869999999479e-02 3.597190239999999845e-02
4.813599999999999129e-02 5.966536620000000013e-02 3.355493830000000344e-02
4.830599999999999478e-02 7.401105260000001573e-02 3.175952910000000295e-02
4.847500000000000420e-02 5.347060229999999609e-02 3.489974869999999674e-02
4.864500000000000768e-02 3.431625400000000436e-02 3.324675480000000016e-02
4.881500000000000422e-02 2.227359339999999618e-02 3.163348850000000101e-02
4.898499999999998689e-02 4.076605080000000186e-02 3.515649430000000047e-02
4.915499999999998343e-02 4.733368679999999662e-02 2.891831510000000133e-02
4.932399999999999285e-02 2.903852849999999722e-02 2.548526980000000164e-02
4.949399999999999633e-02 9.100942519999999369e-02 2.951025449999999939e-02
4.966399999999999981e-02 9.277401439999996557e-02 3.278007489999999746e-02
4.983400000000001023e-02 7.209800190000001385e-02 2.584214790000000095e-02
5.051300000000000928e-02 8.023019369999997985e-02 3.362461540000000193e-02
5.068299999999999195e-02 9.589757849999996572e-03 2.840911150000000052e-02
5.102199999999999097e-02 3.066736410000000732e-02 3.564266370000000045e-02
5.119200000000001527e-02 2.869588210000000722e-02 2.600973549999999884e-02
5.136199999999999100e-02 2.022664690000000251e-02 2.875841789999999953e-02
5.170100000000000390e-02 2.424607700000000476e-02 3.252985509999999775e-02
5.187100000000000044e-02 6.859507160000001894e-03 3.582502340000000285e-02
5.204099999999999698e-02 6.118532370000000220e-02 3.036825250000000156e-02
5.221099999999999353e-02 9.511527240000003380e-02 2.874067950000000135e-02
5.255000000000001337e-02 3.738106309999999349e-02 2.765810490000000094e-02
5.271999999999999603e-02 5.895687609999998580e-02 3.285038879999999800e-02
5.288999999999999951e-02 2.337112350000000380e-02 3.280941469999999749e-02
5.305999999999999606e-02 3.839908489999999119e-02 2.496729439999999939e-02
5.322999999999999954e-02 5.447119330000000509e-02 3.209477770000000035e-02
5.339899999999998814e-02 5.444411540000000660e-02 2.645815240000000054e-02
5.373899999999999511e-02 1.559600929999999802e-02 2.929177579999999934e-02
5.390899999999999859e-02 4.287836360000000374e-02 2.755675819999999984e-02
5.407899999999998819e-02 3.673762349999999677e-02 3.461915220000000293e-02
5.424800000000000455e-02 3.614349649999999692e-02 3.230092799999999958e-02
5.441800000000000109e-02 3.566718609999998402e-03 2.556550330000000038e-02
5.458800000000001151e-02 1.521224770000000059e-02 2.299624670000000037e-02
5.526700000000000362e-02 3.490998740000000877e-02 3.035218820000000137e-02
5.577599999999999225e-02 2.563463489999999803e-02 2.224011819999999889e-02
5.611600000000001309e-02 2.948987210000000511e-02 2.725155879999999892e-02
5.662500000000000172e-02 3.134633249999999732e-02 2.587301880000000137e-02
5.696499999999999481e-02 2.951038389999999234e-02 2.584891539999999849e-02
5.713499999999999135e-02 1.845082689999999817e-02 2.699868320000000169e-02
5.730500000000000177e-02 4.364402550000002004e-03 1.766501919999999975e-02
5.747399999999999037e-02 8.432192619999999070e-03 2.570361720000000072e-02
5.781399999999999040e-02 4.083386390000001524e-03 2.019731610000000122e-02
5.832300000000001372e-02 4.916370410000001079e-02 2.612632819999999995e-02
5.849300000000001026e-02 1.893970209999999710e-02 2.432754670000000091e-02
5.985100000000001530e-02 1.848529100000000439e-02 2.253229060000000103e-02
6.002099999999999796e-02 2.432692050000000161e-02 2.601990049999999832e-02
6.019099999999999451e-02 2.865832340000001258e-03 2.408456860000000171e-02
6.036099999999999105e-02 8.123808609999996419e-03 2.227342870000000030e-02
6.069999999999998314e-02 2.279133879999999807e-02 2.368411969999999894e-02
6.086999999999998662e-02 8.384003580000000400e-03 2.647401989999999955e-02
6.103999999999999704e-02 1.791562290000000071e-02 2.086003430000000006e-02
6.121000000000001440e-02 8.034794389999998926e-03 2.405685470000000145e-02
6.137999999999999706e-02 2.792062110000000964e-03 2.251901549999999960e-02
6.171899999999998915e-02 2.355708469999999791e-02 1.764247370000000120e-02
6.222800000000001247e-02 4.531719280000000988e-02 2.638070810000000058e-02
6.239799999999998820e-02 7.427498709999999157e-03 2.550568989999999966e-02
6.273800000000001598e-02 5.098046610000001727e-02 2.280072340000000031e-02
6.290800000000000558e-02 1.290767940000000016e-02 2.214854260000000130e-02
6.307700000000000806e-02 3.480616429999999067e-02 2.506948880000000116e-02
6.324699999999999767e-02 2.698332890000000248e-02 2.121842070000000066e-02
6.341699999999998727e-02 7.576508290000000603e-03 2.324482029999999991e-02
6.358700000000001851e-02 1.243850139999999398e-04 1.757741430000000007e-02
6.375699999999999423e-02 2.654574680000000575e-02 2.431874209999999870e-02
6.409600000000000020e-02 3.198710580000000553e-02 1.935750630000000055e-02
6.426600000000001756e-02 4.065635730000000808e-02 2.032410570000000097e-02
6.443599999999999328e-02 2.075230020000000397e-02 2.683065290000000158e-02
6.460600000000001064e-02 1.213743990000000147e-02 2.354320970000000138e-02
6.477499999999999925e-02 3.992278999999999967e-02 1.993197249999999893e-02
6.494499999999998885e-02 3.585893079999999400e-02 2.279601180000000171e-02
6.511500000000000621e-02 3.011745699999999679e-02 2.491783510000000063e-02
6.545499999999998542e-02 2.162745300000000481e-02 1.897925660000000098e-02
6.562399999999998790e-02 3.945568089999999806e-02 2.454076850000000073e-02
6.579400000000000526e-02 7.487329040000001608e-03 2.153279669999999882e-02
6.596399999999998098e-02 6.933361009999998957e-03 2.328277960000000105e-02
6.664299999999999391e-02 4.404842440000000109e-02 2.018983540000000160e-02
6.681299999999999739e-02 2.559924870000000394e-02 1.903128670000000036e-02
6.698299999999998700e-02 6.187964209999997217e-03 2.452585369999999917e-02
6.715200000000001723e-02 2.466170789999999613e-02 1.992228459999999951e-02
6.732199999999999296e-02 6.948550890000000299e-03 2.185945259999999904e-02
6.749199999999999644e-02 3.182285280000001458e-03 1.845893410000000109e-02
6.766199999999998604e-02 2.075572419999999890e-02 2.150274829999999915e-02
6.834099999999999897e-02 1.695713950000000058e-03 2.010790689999999992e-02
6.851100000000001633e-02 2.468362990000000368e-02 2.431574239999999970e-02
6.884999999999998066e-02 3.269443510000001889e-04 2.170479690000000003e-02
6.919000000000000150e-02 1.165378580000000185e-02 2.039350159999999898e-02
6.936000000000000498e-02 2.256287229999999824e-02 1.533159800000000010e-02
6.969899999999998319e-02 6.998092329999996107e-03 2.178226679999999832e-02
6.986900000000000055e-02 3.737747850000000538e-02 1.907255580000000172e-02
7.003900000000001791e-02 9.617416350000001363e-03 1.793497079999999827e-02
7.020899999999999364e-02 1.430901130000000222e-02 2.228689420000000074e-02
7.037799999999999612e-02 3.234029959999998143e-03 2.141311950000000103e-02
7.071799999999998920e-02 2.400534820000000194e-02 1.913875599999999982e-02
7.105799999999999617e-02 1.085880290000000310e-04 1.405246670000000024e-02
7.122699999999999865e-02 2.840332070000000167e-02 1.994032150000000017e-02
7.173700000000000909e-02 2.417025630000000161e-02 1.498309500000000009e-02
7.190700000000001257e-02 2.299308070000000495e-02 2.325744890000000162e-02
7.224599999999999078e-02 1.465305529999999870e-02 1.699689830000000040e-02
7.275599999999998735e-02 2.805228180000000036e-03 2.140039930000000104e-02
7.292500000000000371e-02 1.220398380000000012e-02 2.880941490000000008e-02
7.326499999999999679e-02 5.130822969999999754e-03 2.594823439999999898e-02
7.377400000000000624e-02 1.501865550000000028e-02 1.574960170000000090e-02
7.394399999999999584e-02 5.031499930000000878e-04 1.467260150000000013e-02
7.411400000000001320e-02 9.453748139999995637e-03 1.664170120000000100e-02
7.428400000000001668e-02 1.499132940000000302e-02 1.582480409999999921e-02
7.445300000000001917e-02 4.357135989999999341e-03 1.785834570000000010e-02
7.462300000000000877e-02 3.782990199999999165e-02 1.549656659999999915e-02
7.513300000000000534e-02 4.638369179999998239e-03 2.067909880000000020e-02
7.530199999999999394e-02 4.072574050000001347e-03 2.368180640000000156e-02
7.547199999999998354e-02 3.112529539999999914e-02 2.147631360000000142e-02
7.564200000000001478e-02 2.079084899999999667e-02 1.872948099999999921e-02
7.598199999999999399e-02 8.865811119999999004e-03 2.136121740000000019e-02
7.615099999999999647e-02 2.695669009999999630e-02 1.951438529999999921e-02
7.632099999999998607e-02 1.522984249999999838e-02 1.793821430000000147e-02
7.649100000000000343e-02 4.747737949999999291e-02 2.617328080000000043e-02
7.699999999999999900e-02 4.381307010000000911e-03 1.634546820000000109e-02
7.717000000000000248e-02 2.641534110000000324e-02 1.974227320000000035e-02
7.750999999999998169e-02 2.080897989999999642e-02 2.068925029999999984e-02
7.767899999999999805e-02 2.159476010000000237e-02 1.560767239999999965e-02
7.818899999999999462e-02 2.070793719999999491e-02 2.210162359999999840e-02
7.835900000000001198e-02 1.033536580000000114e-02 1.755830679999999949e-02
7.869800000000000406e-02 5.903972230000000682e-02 2.644867509999999922e-02
7.886799999999997979e-02 3.850339009999999978e-02 2.684590400000000029e-02
7.903799999999998327e-02 1.488859440000000166e-02 2.293627520000000169e-02
7.954700000000002047e-02 4.261729169999999012e-03 1.857051319999999950e-02
7.971699999999999620e-02 3.308587219999999801e-02 1.963069729999999957e-02
7.988699999999999968e-02 1.009551659999999990e-02 1.772626490000000013e-02
8.005699999999998928e-02 1.611777920000000489e-02 1.692457030000000043e-02
8.039599999999998137e-02 9.772672110000003506e-03 2.250442799999999993e-02
8.073600000000000221e-02 4.313425780000000598e-02 2.641229000000000146e-02
8.107500000000000817e-02 1.752076470000000358e-02 2.024959299999999976e-02
8.124499999999999778e-02 1.539479570000000172e-02 2.319748309999999925e-02
8.158500000000000474e-02 2.718128250000000079e-02 2.045678110000000161e-02
8.175399999999999334e-02 3.227650890000000744e-02 2.433671739999999917e-02
8.192399999999999682e-02 1.046717389999999963e-02 1.806169960000000158e-02
8.226400000000000379e-02 1.120528959999999956e-02 1.419365960000000017e-02
8.277300000000001323e-02 1.085047340000000124e-02 1.827671050000000130e-02
8.294299999999998896e-02 3.917563610000000113e-02 2.215510580000000160e-02
8.345199999999999840e-02 2.276050109999999335e-02 1.977999399999999866e-02
8.379200000000000537e-02 4.746392619999999576e-03 1.946201930000000108e-02
8.396200000000000885e-02 1.455612170000000066e-02 1.690858610000000109e-02
8.430100000000001481e-02 4.932784739999997864e-03 1.744756199999999979e-02
8.447100000000001829e-02 1.043973539999999874e-02 2.023253839999999970e-02
8.464099999999999402e-02 1.075113190000000045e-02 1.658009620000000170e-02
8.481100000000001138e-02 1.259505740000000165e-02 1.384665210000000056e-02
8.515000000000001734e-02 2.164433209999999056e-03 1.789623019999999828e-02
8.549000000000002431e-02 2.225109349999999583e-02 2.035746490000000034e-02
8.566000000000000003e-02 2.231857740000000104e-02 2.009802639999999987e-02
8.582900000000000251e-02 1.068140250000000104e-02 1.668022749999999860e-02
8.599900000000001987e-02 6.940346490000000312e-02 2.172315719999999908e-02
8.616900000000000948e-02 3.958302529999999098e-02 2.089750439999999918e-02
8.633899999999999908e-02 1.638167229999999697e-02 1.951142919999999947e-02
8.650900000000001644e-02 4.020042899999999586e-02 1.605845720000000088e-02
8.684799999999998077e-02 2.189027710000000099e-02 2.346536050000000082e-02
8.701800000000001201e-02 3.475970540000000025e-02 1.510981670000000054e-02
8.718800000000002937e-02 2.752266089999999901e-02 2.708834410000000165e-02
8.735800000000000509e-02 2.218533099999999911e-02 1.653509549999999939e-02
8.752700000000000757e-02 3.498747430000000852e-02 1.662985059999999918e-02
8.769699999999999718e-02 4.094257459999998960e-02 1.737516440000000037e-02
8.786700000000000066e-02 4.064583840000000198e-02 1.960166080000000019e-02
8.803699999999997639e-02 8.145881749999998866e-02 2.345400120000000130e-02
8.820700000000000762e-02 1.017907590000000084e-02 2.353895099999999893e-02
8.837599999999999623e-02 4.637311679999999575e-02 2.042029290000000122e-02
8.888600000000002055e-02 5.260729849999999652e-03 1.579328909999999989e-02
8.922500000000001263e-02 2.899068420000000187e-02 1.774634840000000047e-02
8.939499999999997448e-02 2.246607989999999805e-02 2.048092509999999838e-02
8.956499999999999184e-02 5.827796729999999703e-02 2.521868010000000160e-02
8.973500000000000920e-02 1.710235929999999807e-02 1.980516419999999930e-02
9.007399999999998741e-02 1.123082079999999927e-02 1.474700529999999933e-02
9.024399999999999089e-02 1.691926409999999770e-02 1.784611230000000132e-02
9.058400000000002561e-02 6.411336530000000256e-02 2.589305410000000002e-02
9.075300000000000034e-02 1.909523039999999616e-02 1.563069729999999949e-02
9.092300000000001770e-02 5.838600179999999494e-03 7.848966960000000256e-03
9.109300000000000730e-02 1.670725489999999591e-02 2.165975839999999958e-02
9.143300000000002814e-02 1.065002850000000209e-02 2.070735519999999941e-02
9.160199999999997511e-02 2.887493990000000732e-02 2.345164129999999930e-02
9.177199999999997859e-02 2.897902640000000335e-02 2.169122399999999853e-02
9.194200000000000983e-02 2.941572339999999966e-02 1.796384269999999964e-02
9.211199999999998556e-02 2.167550409999999608e-02 1.672751329999999995e-02
9.228200000000001679e-02 2.289413390000000215e-02 1.881909530000000150e-02
9.245100000000001927e-02 9.911523550000004082e-03 2.717376540000000090e-02
9.279099999999999848e-02 2.958695230000000717e-02 2.020664809999999853e-02
9.296100000000000196e-02 3.799338799999999166e-03 2.162907299999999866e-02
9.313000000000003220e-02 3.799041039999998069e-03 2.499726749999999983e-02
9.329999999999998017e-02 1.127326700000000001e-02 1.915720749999999875e-02
9.397900000000000698e-02 3.517103989999999236e-02 2.264855279999999915e-02
9.448899999999998967e-02 4.616195730000001440e-03 2.205784029999999923e-02
9.499799999999998523e-02 1.798642309999999925e-02 1.985865889999999939e-02
9.533799999999999220e-02 5.837905399999998406e-03 1.059319660000000024e-02
9.550799999999998180e-02 3.540226849999999342e-02 2.078491379999999888e-02
9.584700000000000164e-02 2.925523070000000600e-02 2.011600250000000062e-02
9.635699999999997045e-02 2.075964200000000176e-02 2.075025579999999897e-02
9.652600000000000069e-02 1.013276620000000232e-02 1.171949440000000058e-02
9.754500000000000670e-02 1.157716150000000221e-02 1.481695469999999917e-02
9.788500000000001366e-02 1.724325369999999899e-02 2.034399959999999910e-02
9.839399999999996760e-02 1.190938610000000231e-02 9.962816890000000120e-03
9.856399999999998496e-02 1.105520699999999745e-02 2.124332359999999906e-02
9.873399999999997456e-02 3.808401529999998637e-03 2.925851380000000015e-02
9.907299999999999440e-02 4.129384799999999411e-02 2.348612159999999977e-02
9.975200000000002121e-02 5.893376059999999583e-02 2.841189629999999952e-02
9.992199999999996918e-02 6.464983870000000354e-02 2.471096849999999956e-02
1.000920000000000004e-01 3.543473319999999871e-02 1.903208740000000149e-02
1.006010000000000099e-01 2.331928430000000316e-02 1.904023939999999887e-02
1.009410000000000168e-01 1.168241740000000063e-02 1.199791119999999919e-02
1.012800000000000089e-01 2.201182370000000221e-02 2.383590849999999914e-02
1.014499999999999985e-01 4.989944669999999555e-02 2.292815349999999947e-02
1.016200000000000020e-01 4.046348999999999085e-02 2.314171300000000125e-02
1.017900000000000055e-01 3.523471979999999448e-02 1.681699509999999911e-02
1.019600000000000090e-01 5.850725870000000189e-03 1.042709950000000017e-02
1.021289999999999976e-01 5.076278999999999514e-03 1.802034209999999956e-02
1.024690000000000045e-01 3.006188790000000402e-02 1.962700969999999975e-02
1.026389999999999803e-01 2.340717960000000472e-02 1.688029660000000057e-02
1.028090000000000115e-01 2.329387699999999756e-02 1.441836380000000029e-02
1.031480000000000175e-01 1.708675250000000340e-02 1.993019760000000126e-02
1.034880000000000105e-01 2.339454440000000510e-02 1.692854159999999941e-02
1.036580000000000001e-01 2.217028039999999547e-02 1.421467400000000006e-02
1.041670000000000096e-01 5.139012579999999511e-03 1.776135059999999974e-02
1.043369999999999853e-01 2.854100509999999910e-02 2.296326250000000138e-02
1.046760000000000052e-01 1.017901749999999828e-02 2.065001210000000018e-02
1.048459999999999809e-01 1.267435910000000400e-03 1.415373299999999994e-02
1.051860000000000156e-01 2.880560030000000118e-02 1.977732520000000105e-02
1.053550000000000181e-01 6.339287890000001868e-02 2.560642070000000020e-02
1.055249999999999938e-01 1.114957759999999666e-02 1.674329280000000017e-02
1.063739999999999963e-01 1.736663980000000343e-02 1.318199259999999935e-02
1.065439999999999998e-01 1.712330949999999949e-02 1.774054939999999969e-02
1.070529999999999815e-01 4.804374549999997079e-03 2.005149900000000041e-02
1.077329999999999954e-01 1.181606100000000097e-02 1.808189849999999876e-02
1.082420000000000049e-01 4.458049899999999566e-02 1.777611590000000019e-02
1.084120000000000084e-01 4.937053400000000758e-02 2.614747970000000019e-02
1.085809999999999970e-01 9.796927379999998894e-03 2.777856609999999893e-02
1.089210000000000039e-01 2.551894639999999909e-02 1.856951360000000037e-02
1.090909999999999797e-01 1.885596310000000123e-02 1.992368480000000081e-02
1.097699999999999926e-01 3.882964509999999730e-02 2.505859150000000132e-02
1.099399999999999961e-01 1.225327789999999632e-02 2.708767269999999908e-02
1.101099999999999995e-01 6.979597960000001947e-03 1.511517809999999955e-02
1.106189999999999951e-01 6.687658559999997733e-03 1.223082709999999927e-02
1.109590000000000021e-01 5.647916749999998308e-04 2.113547669999999920e-02
1.111280000000000184e-01 2.293055050000000414e-02 2.460749590000000167e-02
1.114679999999999976e-01 4.666891310000000764e-02 2.218481289999999981e-02
1.138450000000000156e-01 1.851645040000000214e-02 2.341384830000000153e-02
1.141849999999999948e-01 2.859999800000000841e-02 2.182876289999999969e-02
1.145239999999999869e-01 9.703263319999998887e-03 1.739484399999999958e-02
1.146940000000000043e-01 9.403855109999996117e-03 2.238289879999999857e-02
1.148639999999999800e-01 8.964640600000005691e-03 2.280725930000000040e-02
1.150339999999999835e-01 3.178256010000000270e-02 2.996113909999999908e-02
1.152029999999999860e-01 2.075105340000000381e-02 2.525542050000000038e-02
1.153729999999999895e-01 1.012687230000000127e-03 2.087011539999999998e-02
1.155430000000000068e-01 2.044859670000000185e-02 3.012725029999999832e-02
