2.461999999999999345e-03 8.857765680000001396e+01 2.301409639999999968e+01
2.631999999999999357e-03 7.706558050000001003e+01 1.591627989999999926e+01
2.801999999999999370e-03 7.308395990000001063e+01 1.067749680000000012e+01
2.970999999999998815e-03 7.371255120000000716e+01 7.227672489999999783e+00
3.141000000000000996e-03 5.050188940000000315e+01 5.046642460000000163e+00
3.311000000000000575e-03 6.526282180000001176e+01 3.806673369999999945e+00
3.481000000000000587e-03 5.615157409999999771e+01 2.997710070000000115e+00
3.650999999999999732e-03 5.026798900000001424e+01 2.468253460000000121e+00
3.820000000000001346e-03 4.708491480000000706e+01 2.226210190000000200e+00
3.990000000000001358e-03 4.507266719999999793e+01 2.020351470000000038e+00
4.160000000000000503e-03 4.429307380000000194e+01 1.888761169999999989e+00
4.330000000000001383e-03 3.637848110000000190e+01 1.706055459999999968e+00
4.498999999999999527e-03 3.874682599999999155e+01 1.686516679999999990e+00
4.668999999999997805e-03 3.544369780000000958e+01 1.585572790000000065e+00
4.839000000000002154e-03 3.648087589999999381e+01 1.570589250000000048e+00
5.009000000000003033e-03 3.192378059999999707e+01 1.432311859999999992e+00
5.178999999999999576e-03 3.051940860000000555e+01 1.388140900000000011e+00
5.347999999999998588e-03 3.096593900000000588e+01 1.355532619999999966e+00
5.518000000000000335e-03 2.854954339999999746e+01 1.300882550000000082e+00
5.688000000000000347e-03 2.630887510000000162e+01 1.202605619999999931e+00
5.858000000000001227e-03 2.840665519999999589e+01 1.231260999999999939e+00
6.027999999999998637e-03 2.569187220000000238e+01 1.165537129999999921e+00
6.197000000000001119e-03 2.421573859999999812e+01 1.102158360000000004e+00
6.367000000000001998e-03 2.338729799999999770e+01 1.061420500000000100e+00
6.536999999999999408e-03 2.209920250000000053e+01 1.016660990000000098e+00
6.707000000000002023e-03 2.165349009999999552e+01 9.979485740000000327e-01
6.877000000000001168e-03 2.066185179999999733e+01 9.617190180000000366e-01
7.045999999999998445e-03 1.871367220000000131e+01 9.145912889999999740e-01
7.216000000000001059e-03 1.946638330000000039e+01 9.276887470000000357e-01
7.386000000000001071e-03 1.824912390000000428e+01 8.721951300000000407e-01
7.556000000000001084e-03 1.725733660000000214e+01 8.388146730000000106e-01
7.726000000000001096e-03 1.655400399999999550e+01 8.204526549999999752e-01
7.895000000000002710e-03 1.549389480000000141e+01 7.648902410000000263e-01
8.064999999999999253e-03 1.471445379999999936e+01 7.514873939999999752e-01
8.235000000000002734e-03 1.596894059999999627e+01 7.635144499999999557e-01
8.404999999999997543e-03 1.563537260000000195e+01 7.556279980000000229e-01
8.574000000000000024e-03 1.451782429999999735e+01 7.117904139999999824e-01
8.743999999999996567e-03 1.474736480000000149e+01 7.068326059999999744e-01
8.913999999999996579e-03 1.414227540000000261e+01 6.976644309999999738e-01
9.083999999999996591e-03 1.415963940000000321e+01 6.778695580000000387e-01
9.254000000000001808e-03 1.314048039999999951e+01 6.687649780000000099e-01
9.422999999999995616e-03 1.119274359999999824e+01 6.012287179999999953e-01
9.593000000000002567e-03 1.245629160000000191e+01 6.213413340000000229e-01
9.762999999999997375e-03 1.237041140000000183e+01 6.283652790000000543e-01
9.933000000000006061e-03 1.111885979999999918e+01 5.791392739999999817e-01
1.010299999999999913e-02 1.024218029999999935e+01 5.489146860000000405e-01
1.027200000000000162e-02 1.039669270000000090e+01 5.448692510000000544e-01
1.044200000000000163e-02 1.045264129999999980e+01 5.449149570000000331e-01
1.061200000000000164e-02 1.028753039999999785e+01 5.362672229999999596e-01
1.078200000000000165e-02 9.289632769999998985e+00 5.180369009999999941e-01
1.103600000000000241e-02 1.035791380000000217e+01 1.227770150000000032e-01
1.137600000000000243e-02 9.804182239999999382e+00 1.181646779999999952e-01
1.171599999999999898e-02 9.126863590000001025e+00 1.113068229999999992e-01
1.205500000000000148e-02 8.672795060000000333e+00 1.088045849999999953e-01
1.239499999999999803e-02 8.144355750000000782e+00 1.007215850000000024e-01
1.273399999999999879e-02 7.843499990000000643e+00 9.995404089999999908e-02
1.307400000000000055e-02 7.254417580000001031e+00 9.479724089999999603e-02
1.341300000000000131e-02 6.931052420000000325e+00 9.063550060000000186e-02
1.375299999999999613e-02 6.565303700000000298e+00 8.766573539999999998e-02
1.409299999999999962e-02 6.206672209999999801e+00 8.268304699999999563e-02
1.443199999999999691e-02 5.858464969999999994e+00 8.211351029999999773e-02
1.477199999999999694e-02 5.572354289999999821e+00 7.753304040000000286e-02
1.511100000000000290e-02 5.190564879999999270e+00 7.445875039999999556e-02
1.545099999999999772e-02 4.961940440000000230e+00 7.124811409999999567e-02
1.579099999999999948e-02 4.667234739999999604e+00 6.903165980000000590e-02
1.613000000000000198e-02 4.466288059999999227e+00 6.764158580000000087e-02
1.646999999999999853e-02 4.311503000000000085e+00 6.429745739999999377e-02
1.680900000000000102e-02 4.055456180000000188e+00 6.212041859999999777e-02
1.714900000000000105e-02 3.961108010000000235e+00 6.119732380000000166e-02
1.748800000000000354e-02 3.723415970000000019e+00 5.834473140000000224e-02
1.782800000000000357e-02 3.527946340000000625e+00 5.689572739999999851e-02
1.816800000000000359e-02 3.368409210000000265e+00 5.402057009999999826e-02
1.850700000000000262e-02 3.184240950000000403e+00 5.282222980000000206e-02
1.884699999999999570e-02 3.038744760000000156e+00 5.110243889999999817e-02
1.918599999999999819e-02 2.934745260000000133e+00 4.982208629999999860e-02
1.952599999999999822e-02 2.762984040000000086e+00 4.755590240000000246e-02
1.986600000000000518e-02 2.548311689999999796e+00 4.527822680000000155e-02
2.020500000000000421e-02 2.520851330000000168e+00 4.542048719999999817e-02
2.054500000000000076e-02 2.476162729999999979e+00 4.388592350000000003e-02
2.088400000000000326e-02 2.263468420000000147e+00 4.279431060000000314e-02
2.122400000000000328e-02 2.132598590000000183e+00 4.046356820000000104e-02
2.156300000000000230e-02 2.020077839999999902e+00 3.923490119999999831e-02
2.190299999999999539e-02 1.965588420000000003e+00 3.885512370000000076e-02
2.224299999999999888e-02 1.842274729999999971e+00 3.654144220000000304e-02
2.258199999999999791e-02 1.675397559999999952e+00 3.571498859999999720e-02
2.292200000000000487e-02 1.594305660000000069e+00 3.375454960000000282e-02
2.326099999999999696e-02 1.526812980000000097e+00 3.377136530000000164e-02
2.360099999999999698e-02 1.503175539999999977e+00 3.246712000000000209e-02
2.394100000000000394e-02 1.348721520000000007e+00 3.048477529999999922e-02
2.427999999999999950e-02 1.254174569999999989e+00 3.013030510000000092e-02
2.461999999999999605e-02 1.168573459999999953e+00 2.824569379999999907e-02
2.495899999999999508e-02 1.092084550000000043e+00 2.763489259999999878e-02
2.529899999999999857e-02 9.808333249999999781e-01 2.599777829999999970e-02
2.563799999999999760e-02 9.264169749999999759e-01 2.515260050000000039e-02
2.597800000000000456e-02 8.149997319999999768e-01 2.397662659999999848e-02
2.631800000000000458e-02 8.157188960000000266e-01 2.299400230000000003e-02
2.665699999999999667e-02 7.191155740000000351e-01 2.231583900000000051e-02
2.699700000000000710e-02 7.007567040000000080e-01 2.158342029999999953e-02
2.733600000000000613e-02 5.841655409999999549e-01 2.005613449999999950e-02
2.767599999999999574e-02 5.402500300000000477e-01 1.946151770000000003e-02
2.801500000000000171e-02 4.861466320000000230e-01 1.810414850000000020e-02
2.835500000000000867e-02 4.123022009999999793e-01 1.718658879999999944e-02
2.869499999999999135e-02 3.770715889999999848e-01 1.623802579999999995e-02
2.903400000000000078e-02 3.643625899999999862e-01 1.599410329999999963e-02
2.937400000000000080e-02 3.257651349999999835e-01 1.516981780000000064e-02
2.971299999999999983e-02 2.674122899999999969e-01 1.419672020000000041e-02
3.005299999999999985e-02 2.433386529999999881e-01 1.393010169999999923e-02
3.039300000000000335e-02 2.114266079999999881e-01 1.278894149999999959e-02
3.073199999999999890e-02 1.871414640000000074e-01 1.253289009999999926e-02
3.107199999999999199e-02 1.472871580000000291e-01 1.169667219999999917e-02
3.141100000000000142e-02 1.531084049999999752e-01 1.166272179999999943e-02
3.175100000000000838e-02 1.339064699999999997e-01 1.146446540000000021e-02
3.209000000000000741e-02 1.182347930000000047e-01 1.044182220000000084e-02
3.243000000000000049e-02 1.100924060000000176e-01 1.089471900000000062e-02
3.277000000000000052e-02 1.090565439999999914e-01 9.983200410000000330e-03
3.310900000000000648e-02 8.571989020000000958e-02 9.853325810000000684e-03
3.344899999999999957e-02 8.151518849999998817e-02 9.885326329999999384e-03
3.378799999999999165e-02 8.012005830000000495e-02 9.205135240000000482e-03
3.412799999999999861e-02 6.541106380000001608e-02 9.573978949999999155e-03
3.446800000000000558e-02 9.210214239999998942e-02 9.279065209999999564e-03
3.480699999999999766e-02 7.518158169999999973e-02 1.013427700000000056e-02
3.514700000000000463e-02 5.726686400000000066e-02 9.583183950000000867e-03
3.548599999999999671e-02 7.168149429999998157e-02 9.723614499999999952e-03
3.582599999999998980e-02 6.771160049999999653e-02 1.020198959999999919e-02
3.616500000000000270e-02 5.775040890000001509e-02 9.355806359999999794e-03
3.650500000000000966e-02 7.104003019999999280e-02 9.609763949999999139e-03
3.684500000000000275e-02 6.373811710000000519e-02 1.003960719999999994e-02
3.718400000000000177e-02 6.216658209999999241e-02 1.003294729999999919e-02
3.752400000000000180e-02 7.371343249999999514e-02 1.012960759999999988e-02
3.786300000000000776e-02 6.330039329999999353e-02 9.667194980000000035e-03
3.820300000000000779e-02 9.185409860000001703e-02 1.035234800000000080e-02
3.854300000000000781e-02 8.600019700000000045e-02 9.909524750000000756e-03
3.888199999999999990e-02 9.058351089999998329e-02 1.006587089999999921e-02
3.922199999999999992e-02 8.316869440000000668e-02 1.020254559999999970e-02
3.956099999999999201e-02 7.499932600000001892e-02 1.026489610000000038e-02
3.990099999999999203e-02 8.822375389999999318e-02 1.004412950000000034e-02
4.023999999999999105e-02 8.842976539999999885e-02 1.026493019999999944e-02
4.057999999999999802e-02 7.274049890000001961e-02 1.022775050000000047e-02
4.091999999999999110e-02 9.778638439999996768e-02 1.054061040000000074e-02
4.125900000000000400e-02 7.578876970000000823e-02 1.011497469999999947e-02
4.159900000000000403e-02 9.663651869999999311e-02 1.034063200000000064e-02
4.193800000000000305e-02 9.418507880000001609e-02 1.022533949999999969e-02
4.227800000000000308e-02 9.040833619999999460e-02 1.059294210000000062e-02
4.261799999999999616e-02 9.957289299999998178e-02 1.023475660000000044e-02
4.295699999999999519e-02 1.049151360000000199e-01 1.035236930000000069e-02
4.329700000000000909e-02 9.749389259999999280e-02 1.053974480000000047e-02
4.363599999999999424e-02 8.891961450000002154e-02 1.012641189999999997e-02
4.397599999999999426e-02 9.145341069999998740e-02 1.014288619999999946e-02
4.431499999999999329e-02 9.588747519999997471e-02 1.002873089999999946e-02
4.465500000000000025e-02 9.050683340000001409e-02 1.034068940000000027e-02
4.499500000000000721e-02 7.948783299999997998e-02 1.026996579999999923e-02
4.533399999999999236e-02 8.249804410000001476e-02 9.667574519999999616e-03
4.567399999999999932e-02 8.471678990000000575e-02 1.005230489999999963e-02
4.601299999999999141e-02 6.771036540000001380e-02 9.442406809999999776e-03
4.635299999999999143e-02 9.023781479999998245e-02 9.936964870000000380e-03
4.669200000000000433e-02 8.644333889999998577e-02 9.590292400000000397e-03
4.703200000000000436e-02 7.817011160000000847e-02 9.381920690000000035e-03
4.737200000000000438e-02 6.406079069999999487e-02 9.257520459999999882e-03
4.771100000000001035e-02 8.435775819999997982e-02 9.161294869999999507e-03
4.805099999999998955e-02 7.283694870000001487e-02 9.108682640000000802e-03
4.839000000000000246e-02 5.428148569999999978e-02 8.460824310000000098e-03
4.873000000000000942e-02 6.492373640000001500e-02 8.588345199999999902e-03
4.907000000000000250e-02 6.539710829999999253e-02 8.197549449999999224e-03
4.940900000000000847e-02 6.589024860000002037e-02 7.901699260000000571e-03
4.974900000000000155e-02 6.006979010000001312e-02 8.077159360000000718e-03
5.008800000000001446e-02 5.062324330000001621e-02 7.564489730000000314e-03
5.042799999999999366e-02 4.415499150000001122e-02 7.369124989999999847e-03
5.076700000000000657e-02 5.051410070000000863e-02 7.470693760000000037e-03
5.110700000000000659e-02 4.079090440000000817e-02 7.440498949999999924e-03
5.144699999999999968e-02 4.489791290000001017e-02 7.097316000000000215e-03
5.178599999999998482e-02 4.780148620000000681e-02 7.381421739999999634e-03
5.212600000000000566e-02 4.335212019999999666e-02 7.012168759999999612e-03
5.246499999999999775e-02 4.603004969999999890e-02 6.593363270000000310e-03
5.280499999999999083e-02 4.469443450000000484e-02 6.796527469999999981e-03
5.314499999999998392e-02 3.536005920000000191e-02 6.613972600000000285e-03
5.348400000000000376e-02 3.325103060000000194e-02 6.578847829999999799e-03
5.382399999999998991e-02 2.604783650000000450e-02 6.598387520000000353e-03
5.416300000000000281e-02 3.190720670000000286e-02 6.179713540000000317e-03
5.450300000000001671e-02 3.087172120000000741e-02 6.200415059999999680e-03
5.484200000000000880e-02 1.795199679999999812e-02 6.156368720000000329e-03
5.518199999999999494e-02 2.401980480000000251e-02 5.711591660000000202e-03
5.552199999999998803e-02 2.681212040000000019e-02 6.276578799999999944e-03
5.586100000000000093e-02 2.691037840000000750e-02 5.778412850000000205e-03
5.620099999999999402e-02 2.603964730000000657e-02 5.780160480000000149e-03
5.653999999999999998e-02 2.411245489999999658e-02 5.973327920000000291e-03
5.688000000000000000e-02 2.328445069999999714e-02 5.581001250000000233e-03
5.722000000000000697e-02 1.921435209999999838e-02 5.456048439999999777e-03
5.755899999999999211e-02 2.021694470000000299e-02 5.482105820000000330e-03
5.789899999999999214e-02 1.808586579999999985e-02 5.360798840000000065e-03
5.823800000000000504e-02 2.186176239999999479e-02 5.559403410000000184e-03
5.857800000000001200e-02 2.759565920000000075e-02 5.607824089999999609e-03
5.891699999999998327e-02 2.737177569999999643e-02 5.445922899999999615e-03
5.925699999999998330e-02 1.409127920000000089e-02 5.246197880000000140e-03
5.959700000000001108e-02 1.328350279999999765e-02 5.586144070000000073e-03
5.993600000000000316e-02 9.379821370000002850e-03 5.073712040000000027e-03
6.027600000000001013e-02 2.294016209999999792e-02 5.119512350000000010e-03
6.061500000000000915e-02 7.428007570000000684e-03 5.287674630000000105e-03
6.095499999999999530e-02 2.081327639999999701e-02 5.000153680000000121e-03
6.129400000000000126e-02 2.186145260000000451e-02 5.003254860000000415e-03
6.163399999999999435e-02 1.641736870000000403e-02 4.826457949999999816e-03
6.197400000000001519e-02 9.021768599999995322e-03 4.733798370000000255e-03
6.231300000000000727e-02 2.485040200000000060e-02 4.925136620000000222e-03
6.265299999999998648e-02 1.653448899999999944e-02 4.730885429999999794e-03
6.299200000000002020e-02 2.332893310000000095e-02 5.106891859999999721e-03
6.333200000000001328e-02 1.986013950000000208e-02 4.729285239999999647e-03
6.367200000000000637e-02 2.145768270000000116e-02 4.915307320000000292e-03
6.401099999999998458e-02 2.639124309999999612e-02 4.735357249999999803e-03
6.435100000000000542e-02 1.767918620000000218e-02 4.445019960000000207e-03
6.469000000000001138e-02 2.155671400000000112e-02 4.719761549999999806e-03
6.502999999999999059e-02 1.828223870000000167e-02 4.387509930000000127e-03
6.536899999999999655e-02 2.760327449999999683e-02 4.495535739999999801e-03
6.570900000000000352e-02 1.389425630000000293e-02 4.313169650000000382e-03
6.604899999999998272e-02 1.500622200000000135e-02 4.386795009999999717e-03
6.638799999999998869e-02 2.113739699999999874e-02 4.352597550000000121e-03
6.672799999999999565e-02 1.850950980000000065e-02 4.131326270000000057e-03
6.706699999999998774e-02 1.754900779999999522e-02 4.210326440000000323e-03
6.740699999999999470e-02 7.261210179999998994e-03 4.281941059999999806e-03
6.774700000000000166e-02 1.631208619999999568e-02 4.259238739999999905e-03
6.808600000000000763e-02 2.005598319999999865e-02 4.222048679999999832e-03
6.842600000000000071e-02 1.905304999999999499e-02 4.147955089999999685e-03
6.876500000000000667e-02 1.322072219999999992e-02 4.085534709999999806e-03
6.910499999999998588e-02 1.755461449999999937e-02 4.158215399999999964e-03
6.944400000000000572e-02 1.254310019999999720e-02 4.191742879999999991e-03
6.978399999999998493e-02 1.420157690000000208e-02 4.263441629999999843e-03
7.012399999999999189e-02 1.922391019999999603e-02 3.950067459999999711e-03
7.046299999999999786e-02 1.029212869999999828e-02 3.763744619999999982e-03
7.080300000000001870e-02 1.724231850000000274e-02 3.917322150000000260e-03
7.114199999999999691e-02 2.061296219999999776e-02 3.831056380000000001e-03
7.148199999999998999e-02 1.390146939999999977e-02 3.685576209999999898e-03
7.182200000000001083e-02 1.070813669999999898e-02 3.588892350000000113e-03
7.216100000000000292e-02 1.093981689999999965e-02 3.897699909999999962e-03
7.250099999999998213e-02 1.241554930000000022e-02 3.561639420000000181e-03
7.283999999999998809e-02 1.366169309999999693e-02 3.450903610000000121e-03
7.317999999999999505e-02 1.211231839999999879e-02 3.561916029999999921e-03
7.351899999999998714e-02 1.542438699999999774e-02 3.574802560000000119e-03
7.385899999999998022e-02 1.337401049999999668e-02 3.536112609999999840e-03
7.419899999999998719e-02 1.453124989999999769e-02 3.448021170000000087e-03
7.453799999999999315e-02 1.045608709999999893e-02 3.491747849999999979e-03
7.487800000000001399e-02 1.899022210000000238e-02 3.398618480000000202e-03
7.521699999999999220e-02 1.262813110000000037e-02 3.509318200000000054e-03
7.555699999999998528e-02 9.191197509999995269e-03 3.349271679999999904e-03
7.589700000000002000e-02 5.793546010000000940e-03 3.376982690000000006e-03
7.623599999999998433e-02 1.283729299999999789e-02 3.096588639999999990e-03
7.657599999999999130e-02 7.200120070000002280e-03 3.283341109999999945e-03
7.691500000000001114e-02 8.107457439999998447e-03 3.309614700000000024e-03
7.725500000000001810e-02 1.256609860000000058e-02 3.186252190000000203e-03
7.759400000000001019e-02 7.972632539999998172e-03 3.246725539999999795e-03
7.793400000000000327e-02 9.117974899999997315e-03 3.097153770000000018e-03
7.827400000000001024e-02 5.858721320000002952e-03 2.964876500000000140e-03
7.861300000000001620e-02 7.986777409999996219e-03 2.957458520000000139e-03
7.895300000000000928e-02 9.475501110000001184e-03 3.141502540000000020e-03
7.929200000000001525e-02 1.070860459999999938e-02 3.146934090000000177e-03
7.963199999999999446e-02 5.624585429999997069e-03 3.073311889999999925e-03
7.997099999999998654e-02 6.415543159999998607e-03 2.836375700000000159e-03
8.031100000000000738e-02 5.294434680000000525e-03 2.867966860000000038e-03
8.065100000000000047e-02 4.518550510000000214e-03 2.909896969999999951e-03
8.099000000000000643e-02 1.249106439999999804e-02 2.777289889999999973e-03
8.133000000000001339e-02 2.668016149999999885e-03 2.954577370000000154e-03
8.166899999999999160e-02 5.860198360000001654e-03 2.989233039999999834e-03
8.200899999999998469e-02 8.092678180000003468e-03 2.771860340000000065e-03
8.234900000000001941e-02 6.049283330000001201e-03 3.037770459999999863e-03
8.268799999999998374e-02 1.010348610000000140e-02 2.740236999999999968e-03
8.302800000000001845e-02 9.958722679999995261e-03 2.853838689999999879e-03
8.336699999999999666e-02 6.260662659999997534e-03 2.764644350000000032e-03
8.370699999999998975e-02 4.973198580000000139e-03 2.778743660000000150e-03
8.404600000000000959e-02 6.632673899999999394e-03 2.759393130000000090e-03
8.438599999999998880e-02 4.831310710000000751e-03 2.537369050000000056e-03
8.472599999999999576e-02 9.707009330000000366e-03 2.681552219999999796e-03
8.506500000000001560e-02 3.947769739999999923e-03 2.677789280000000046e-03
8.540500000000000869e-02 1.018148030000000023e-02 2.711070659999999851e-03
8.574400000000001465e-02 2.765377219999998540e-03 2.651039339999999942e-03
8.608400000000000774e-02 3.929547199999998582e-03 2.690838059999999844e-03
8.642399999999998694e-02 8.473041969999995857e-03 2.789259670000000021e-03
8.676300000000002066e-02 7.691321559999999592e-03 2.660120099999999793e-03
8.710299999999999987e-02 6.682073249999998313e-03 2.589253469999999984e-03
8.744200000000001971e-02 7.250189390000001677e-03 2.674849789999999856e-03
8.778199999999999892e-02 5.491649690000001069e-03 2.634901319999999846e-03
8.812100000000001876e-02 7.269809550000002479e-03 2.524393370000000032e-03
8.846099999999999797e-02 4.995217840000000693e-03 2.454196110000000063e-03
8.880100000000000493e-02 9.991247380000001926e-03 2.446997509999999931e-03
8.914000000000001089e-02 2.503747399999999880e-03 2.389969029999999914e-03
8.948000000000001786e-02 5.668225220000000682e-03 2.668104189999999810e-03
8.981900000000000994e-02 8.161795990000003317e-03 2.702966110000000217e-03
9.015899999999998915e-02 4.432654180000000430e-03 2.524650240000000153e-03
9.049899999999998224e-02 2.773314739999999026e-03 2.584642890000000189e-03
9.083800000000001595e-02 9.495007150000001755e-03 2.450606530000000189e-03
9.117799999999999516e-02 8.702191649999999751e-03 2.620746540000000197e-03
9.151700000000000113e-02 5.608025379999997603e-03 2.615563369999999825e-03
9.185699999999998033e-02 5.188388059999998400e-03 2.383480710000000086e-03
9.219599999999998630e-02 5.153236890000001055e-03 2.450628040000000108e-03
9.253599999999997938e-02 1.118752509999999811e-02 2.388966379999999962e-03
9.287600000000000022e-02 3.568005800000000668e-03 2.475314360000000023e-03
9.321500000000000619e-02 7.852920870000001941e-03 2.506520439999999905e-03
9.355500000000001315e-02 7.233403060000000856e-03 2.352536799999999963e-03
9.389399999999999136e-02 9.973765780000002842e-03 2.444363419999999801e-03
9.423399999999999832e-02 6.224877919999999114e-03 2.358544900000000052e-03
9.457400000000000528e-02 3.571222690000001344e-03 2.433314340000000166e-03
9.491299999999998349e-02 6.409599470000000056e-03 2.326353580000000039e-03
9.525300000000000433e-02 1.746285879999999284e-03 2.411851259999999841e-03
9.559199999999998254e-02 5.421117159999998096e-03 2.353690399999999999e-03
9.593200000000001726e-02 6.192443009999998825e-03 2.362011130000000146e-03
9.627099999999999547e-02 5.837906160000001440e-03 2.312895689999999987e-03
9.661100000000000243e-02 1.879047449999999295e-03 2.328884729999999934e-03
9.695099999999998164e-02 6.962079659999998588e-03 2.281333259999999800e-03
9.728999999999997372e-02 4.879155610000001503e-03 2.209664369999999895e-03
9.762999999999996681e-02 3.127653949999999010e-03 2.215066280000000092e-03
9.796899999999998665e-02 5.699077689999997552e-03 2.324770619999999999e-03
9.830899999999997974e-02 5.317798440000000293e-03 2.346969139999999839e-03
9.864799999999999958e-02 4.511510309999998587e-03 2.252875750000000142e-03
9.898800000000000654e-02 3.724340870000000456e-03 2.303782729999999997e-03
9.932800000000001350e-02 5.002161810000001728e-03 2.215640860000000090e-03
9.966700000000000559e-02 1.234007259999999684e-03 2.247544030000000071e-03
1.003460000000000046e-01 5.712237740000002464e-03 2.163124429999999793e-03
1.006859999999999977e-01 5.907582359999999193e-03 2.119499420000000005e-03
1.010260000000000047e-01 2.017160909999999013e-03 2.147385539999999930e-03
1.013649999999999968e-01 2.985019920000000875e-03 2.126751809999999875e-03
1.017050000000000037e-01 3.970069890000000462e-03 2.155369460000000192e-03
1.020439999999999958e-01 2.635657750000000923e-03 2.212181350000000032e-03
1.023839999999999889e-01 7.188206449999996403e-03 2.202501190000000046e-03
1.027229999999999949e-01 4.263936370000000545e-03 2.111982809999999895e-03
1.030630000000000018e-01 4.795499639999999120e-03 2.149825760000000172e-03
1.034029999999999810e-01 1.165816249999999769e-02 2.049886659999999861e-03
1.037420000000000148e-01 5.291461230000002458e-03 2.209806859999999956e-03
1.040819999999999940e-01 4.382740679999999438e-03 2.133674040000000174e-03
1.044209999999999861e-01 9.139938550000002368e-03 2.164154699999999969e-03
1.047610000000000069e-01 3.044938929999999825e-03 2.068957849999999814e-03
1.054400000000000059e-01 2.024479839999999932e-04 2.240101049999999785e-03
1.057799999999999851e-01 4.410095790000001341e-03 2.317353240000000203e-03
1.061190000000000050e-01 6.224513709999998125e-03 2.175823349999999809e-03
1.064590000000000120e-01 3.199716110000000446e-03 2.204535860000000121e-03
1.067979999999999902e-01 3.942959990000001469e-03 2.030684249999999916e-03
1.071379999999999971e-01 1.648387230000000075e-04 2.121603450000000054e-03
1.074780000000000041e-01 1.424257379999999303e-03 2.144472980000000119e-03
1.084959999999999952e-01 4.570343010000001843e-03 2.155121869999999853e-03
1.088359999999999883e-01 3.980763929999998137e-04 2.154655410000000208e-03
1.091760000000000091e-01 6.420705300000003647e-03 2.044939649999999963e-03
1.098549999999999804e-01 6.030274930000000151e-03 2.057585030000000110e-03
1.101939999999999864e-01 1.992324550000000149e-03 2.047044830000000187e-03
1.105339999999999934e-01 3.860106019999999354e-03 2.057920979999999962e-03
1.108729999999999855e-01 2.933821320000000975e-03 2.035418370000000032e-03
1.112130000000000063e-01 6.144529289999999845e-03 2.019505740000000077e-03
1.115529999999999994e-01 8.161801990000000159e-03 1.984286819999999795e-03
1.118920000000000053e-01 1.678288399999999705e-03 1.987264250000000173e-03
1.122320000000000123e-01 4.831730759999998490e-04 2.041611330000000016e-03
1.125710000000000044e-01 4.694370919999997852e-03 2.012634650000000129e-03
1.129110000000000114e-01 1.915572459999999831e-03 1.991589990000000154e-03
1.132499999999999896e-01 4.484894720000002230e-04 2.045081160000000037e-03
1.135900000000000104e-01 1.315410710000000129e-03 2.049999429999999848e-03
1.139300000000000035e-01 1.962430330000000667e-03 2.117722759999999833e-03
1.142689999999999956e-01 1.741485000000000949e-03 1.970745629999999960e-03
1.146090000000000164e-01 1.414524759999999251e-03 1.926897890000000028e-03
1.149479999999999946e-01 7.816635530000003249e-04 1.874973060000000025e-03
1.152880000000000155e-01 3.358600150000001783e-03 1.958856799999999978e-03
1.156279999999999947e-01 1.776186300000000013e-03 1.901979210000000068e-03
1.159669999999999868e-01 4.590869139999999141e-04 1.893471440000000063e-03
1.163069999999999937e-01 4.608668589999999170e-03 1.958755979999999945e-03
1.166460000000000136e-01 4.586797639999999274e-03 2.041617419999999967e-03
1.169860000000000066e-01 3.825017119999999087e-03 1.853172030000000033e-03
1.176650000000000057e-01 5.305852959999997689e-03 1.908047830000000108e-03
1.180049999999999988e-01 1.403284290000000011e-03 2.029619400000000004e-03
1.183439999999999909e-01 6.195140119999998892e-04 2.048724039999999871e-03
1.190229999999999899e-01 1.936640230000000488e-03 1.932774080000000064e-03
1.193629999999999969e-01 1.449649549999999440e-03 2.051049179999999816e-03
1.200419999999999821e-01 5.350562369999999068e-03 1.915372530000000089e-03
1.203820000000000029e-01 2.770219360000001252e-04 1.923630229999999906e-03
1.210610000000000019e-01 2.905977029999999139e-03 2.012279709999999829e-03
1.213999999999999801e-01 4.553256200000000385e-03 1.809204789999999900e-03
1.217399999999999871e-01 2.032492390000000503e-03 1.935186250000000066e-03
1.220799999999999802e-01 4.138483039999998414e-04 1.813565320000000078e-03
1.224190000000000139e-01 1.820221690000000834e-03 1.902627789999999930e-03
1.227590000000000070e-01 5.681492749999998747e-04 1.816267890000000012e-03
1.230979999999999852e-01 2.888375649999998587e-03 1.880845130000000044e-03
1.237779999999999991e-01 4.324738189999999087e-03 1.886900720000000108e-03
1.241170000000000051e-01 1.341951750000000337e-03 1.879967420000000023e-03
1.244570000000000121e-01 4.118668239999997982e-03 1.967939719999999872e-03
1.247959999999999903e-01 1.940008359999999873e-03 1.935739979999999893e-03
1.251359999999999972e-01 3.976455519999999057e-03 1.772072489999999964e-03
1.254750000000000032e-01 1.053206949999999564e-03 1.723015619999999958e-03
1.258150000000000102e-01 2.873419970000000347e-03 1.759625500000000075e-03
1.261549999999999894e-01 2.446176669999999701e-04 1.944636069999999958e-03
1.264939999999999953e-01 1.222208359999999881e-03 1.889877540000000104e-03
1.268339999999999745e-01 1.456579919999999306e-03 1.835401379999999959e-03
1.271730000000000083e-01 1.654847229999999603e-03 1.867836730000000008e-03
1.281920000000000004e-01 8.085690069999996229e-04 1.835542969999999930e-03
1.285320000000000074e-01 2.377189299999998839e-03 1.890877609999999957e-03
1.288710000000000411e-01 1.851371919999999453e-03 1.765686829999999971e-03
1.298900000000000055e-01 1.659387310000000294e-03 1.779584669999999995e-03
1.302300000000000124e-01 6.100301769999997388e-04 1.792214529999999924e-03
1.305689999999999629e-01 8.876305380000003818e-04 1.853541690000000061e-03
1.309089999999999976e-01 5.671119980000000928e-03 1.786950879999999993e-03
1.312480000000000036e-01 1.633265320000000954e-03 1.761456920000000013e-03
1.322670000000000234e-01 2.714396909999998529e-03 1.817907259999999945e-03
1.326070000000000026e-01 4.048400869999998868e-03 1.656561190000000079e-03
1.329460000000000086e-01 1.420140809999999656e-03 1.827308230000000092e-03
1.336249999999999938e-01 1.711250260000000143e-03 1.695333210000000068e-03
1.339650000000000285e-01 1.610050870000000450e-03 1.757981609999999988e-03
1.343050000000000077e-01 1.753306949999999939e-03 1.780054949999999988e-03
1.346440000000000137e-01 2.057984199999999750e-03 1.794073289999999904e-03
1.356630000000000058e-01 1.438999029999999931e-03 1.818538339999999911e-03
1.360020000000000395e-01 8.154228430000003179e-04 1.729832470000000014e-03
1.363419999999999632e-01 2.796281930000000041e-03 1.826785079999999938e-03
1.370210000000000039e-01 1.366434360000000434e-03 1.796631730000000041e-03
1.373610000000000109e-01 2.489737780000000900e-03 1.717689319999999914e-03
1.376999999999999891e-01 4.659682370000002051e-03 1.856001130000000049e-03
1.383800000000000030e-01 2.197897580000000156e-03 1.737672030000000098e-03
1.390589999999999882e-01 1.988702679999999629e-03 1.713655259999999955e-03
1.393979999999999664e-01 4.661992349999998821e-03 1.734826500000000030e-03
1.397380000000000289e-01 2.482670139999998762e-03 1.810286140000000018e-03
1.404169999999999585e-01 3.772862430000001408e-03 1.878366459999999917e-03
1.407570000000000210e-01 4.546534070000000233e-03 1.828081370000000103e-03
1.410959999999999992e-01 8.334317000000000591e-04 1.904087839999999950e-03
1.414360000000000062e-01 2.779078040000001505e-03 1.774400240000000104e-03
1.417750000000000121e-01 2.196013820000000758e-03 1.883102970000000024e-03
1.421149999999999913e-01 2.168298280000000543e-03 1.910859059999999972e-03
1.427940000000000043e-01 5.483455020000001581e-04 1.893671740000000062e-03
1.431340000000000112e-01 4.476379419999999463e-04 1.816845949999999982e-03
1.434729999999999894e-01 2.350983970000000527e-03 1.737051820000000066e-03
1.441520000000000024e-01 4.001000370000001448e-04 1.811694509999999892e-03
1.448319999999999885e-01 2.247363350000000388e-03 1.893665689999999950e-03
1.451709999999999945e-01 2.614710620000000683e-03 1.827058180000000042e-03
1.458500000000000074e-01 1.303551110000000660e-04 1.808487390000000075e-03
1.465289999999999926e-01 2.948666759999998659e-03 1.931315899999999945e-03
1.468689999999999996e-01 1.503053599999999083e-04 1.896812799999999946e-03
1.472090000000000065e-01 2.195761179999999781e-03 1.856615920000000055e-03
1.475480000000000125e-01 2.376471389999999101e-03 1.842908359999999952e-03
1.478880000000000194e-01 3.869510340000001511e-04 2.027765219999999938e-03
1.482269999999999976e-01 1.204118589999999791e-04 1.872582769999999982e-03
1.485670000000000046e-01 4.455032699999999200e-03 1.958844439999999926e-03
1.495859999999999967e-01 1.387603120000000228e-03 1.843179599999999899e-03
1.502650000000000097e-01 1.141544359999999625e-03 1.839525720000000000e-03
1.506039999999999601e-01 2.817848199999999602e-03 1.806525110000000009e-03
1.512840000000000018e-01 3.782145670000001438e-03 1.926265990000000086e-03
1.516230000000000078e-01 2.646483669999998879e-03 1.892076909999999964e-03
1.519630000000000147e-01 2.484157159999999653e-03 1.907004859999999937e-03
1.523019999999999929e-01 3.137810139999998998e-03 1.892069940000000059e-03
1.526419999999999999e-01 3.478534949999999380e-04 1.876977290000000085e-03
1.529820000000000346e-01 1.329957590000000345e-03 1.937449489999999936e-03
1.533209999999999851e-01 2.980798789999999227e-03 1.888409530000000015e-03
1.539999999999999980e-01 2.644167110000000213e-03 1.946705819999999939e-03
1.543400000000000327e-01 1.125652629999999640e-03 2.058332710000000156e-03
1.546790000000000109e-01 3.906770950000000055e-03 2.030697010000000104e-03
1.556980000000000308e-01 1.110801379999999802e-03 1.868228370000000029e-03
1.560379999999999823e-01 1.060913890000000481e-03 1.824924390000000080e-03
1.567169999999999674e-01 2.834701919999999594e-03 1.910164019999999923e-03
1.570569999999999744e-01 1.819383869999999064e-03 1.850790900000000034e-03
1.577359999999999873e-01 1.559624620000000465e-03 1.869277589999999946e-03
1.580750000000000210e-01 6.955238049999997937e-04 1.901987070000000103e-03
1.584149999999999725e-01 1.146851920000000391e-03 1.885984280000000020e-03
1.587540000000000062e-01 2.030901679999999772e-03 2.011824340000000107e-03
1.590940000000000132e-01 3.033475270000000976e-03 1.850900790000000037e-03
1.604519999999999835e-01 3.768780959999998553e-03 1.895902479999999907e-03
1.611319999999999975e-01 2.669257760000000833e-03 1.802647440000000080e-03
1.618110000000000104e-01 8.804983950000000057e-04 2.017472430000000205e-03
1.621500000000000163e-01 5.926269569999999850e-06 1.780472329999999940e-03
1.628290000000000015e-01 1.917790220000001019e-03 1.851903630000000097e-03
1.631690000000000362e-01 4.813313199999998820e-03 2.042067170000000029e-03
1.635089999999999877e-01 1.040525040000000317e-03 2.126052490000000014e-03
1.638479999999999659e-01 4.238183539999998460e-04 1.772411289999999921e-03
1.648670000000000413e-01 2.158181049999999702e-03 1.934936859999999981e-03
1.652060000000000195e-01 2.198352120000001027e-03 2.048720740000000047e-03
1.655460000000000265e-01 2.789781649999999863e-03 1.966918619999999916e-03
1.658860000000000057e-01 2.620908649999999056e-03 1.868661269999999982e-03
1.669040000000000246e-01 2.697487850000001089e-03 1.945819029999999988e-03
1.672439999999999760e-01 1.469861370000000080e-03 1.971677739999999884e-03
1.675840000000000107e-01 1.257654239999999668e-03 1.900922850000000058e-03
1.686020000000000019e-01 1.413250990000000391e-03 2.010664939999999828e-03
1.696209999999999940e-01 3.331354200000001282e-03 1.810514989999999994e-03
1.699610000000000287e-01 2.060752970000000357e-03 1.908796929999999900e-03
1.703000000000000069e-01 3.368892639999999678e-03 1.940560420000000084e-03
1.709789999999999921e-01 4.241314859999999534e-03 1.862073369999999936e-03
1.719980000000000397e-01 9.055704179999998120e-04 1.886115409999999937e-03
1.730170000000000041e-01 3.797029159999998436e-03 1.909062680000000100e-03
1.743750000000000300e-01 1.521286080000000063e-03 1.850869509999999909e-03
1.747149999999999814e-01 5.970025169999997050e-03 1.865540240000000075e-03
1.757340000000000291e-01 1.570015710000000596e-04 1.953698880000000193e-03
1.760730000000000073e-01 1.493647840000000403e-04 1.888918440000000041e-03
1.764130000000000142e-01 2.267526649999998881e-03 1.908317940000000016e-03
1.767519999999999925e-01 2.951677059999999967e-03 1.826923430000000062e-03
1.770919999999999994e-01 4.934479159999998572e-04 1.948633530000000013e-03
1.777710000000000123e-01 1.688970879999999661e-03 2.019786600000000182e-03
1.781109999999999915e-01 2.034184940000000660e-03 1.893790949999999904e-03
1.791290000000000104e-01 1.975293290000000503e-03 2.050035390000000141e-03
1.794689999999999619e-01 4.369314500000001482e-03 2.162205200000000011e-03
1.804880000000000095e-01 2.071356149999999292e-03 1.939950900000000054e-03
1.811669999999999670e-01 3.230182110000000815e-04 1.928146039999999997e-03
1.815060000000000284e-01 1.400805850000000699e-03 1.995798620000000141e-03
1.821859999999999868e-01 4.137395950000000849e-03 1.926535970000000080e-03
1.825249999999999651e-01 1.644822230000000593e-03 2.000189140000000181e-03
1.842229999999999701e-01 3.222934669999999490e-04 1.769689330000000053e-03
1.845630000000000048e-01 3.173129960000001162e-03 1.794835139999999924e-03
1.849020000000000108e-01 3.667383410000000718e-03 1.849377070000000076e-03
1.859210000000000029e-01 2.260154180000000911e-03 1.954122190000000085e-03
1.865999999999999881e-01 1.873101050000000080e-03 1.949599520000000084e-03
1.872790000000000010e-01 4.119530800000000101e-04 1.951663229999999914e-03
1.876190000000000080e-01 9.825827080000000633e-04 1.874466779999999898e-03
