3.141000000000000996e-03 8.045960119999998028e+01 5.531865400000000044e+00
3.311000000000000575e-03 7.180754750000001252e+01 4.049595029999999873e+00
3.481000000000000587e-03 5.966782409999999004e+01 3.193513709999999950e+00
3.650999999999999732e-03 5.712230250000000353e+01 2.707551249999999854e+00
3.820000000000001346e-03 5.269776639999999901e+01 2.443828519999999838e+00
3.990000000000001358e-03 5.076849480000000625e+01 2.241882620000000159e+00
4.160000000000000503e-03 4.759170660000000197e+01 2.059633670000000194e+00
4.330000000000001383e-03 4.518357840000000891e+01 1.986540270000000108e+00
4.498999999999999527e-03 4.190633919999999790e+01 1.846936729999999915e+00
4.668999999999997805e-03 4.127189259999999393e+01 1.796220909999999948e+00
4.839000000000002154e-03 3.882292029999999983e+01 1.709310480000000076e+00
5.009000000000003033e-03 3.660681659999999482e+01 1.614052910000000063e+00
5.178999999999999576e-03 3.315657860000000312e+01 1.525239220000000007e+00
5.347999999999998588e-03 3.194632699999999303e+01 1.455881570000000069e+00
5.518000000000000335e-03 3.282402290000000278e+01 1.469334249999999953e+00
5.688000000000000347e-03 2.860397409999999851e+01 1.323828650000000051e+00
5.858000000000001227e-03 2.754241969999999640e+01 1.285471980000000070e+00
6.027999999999998637e-03 2.615605829999999798e+01 1.245089780000000035e+00
6.197000000000001119e-03 2.461609219999999709e+01 1.177233420000000086e+00
6.367000000000001998e-03 2.647488879999999511e+01 1.194945719999999989e+00
6.536999999999999408e-03 2.402914320000000004e+01 1.121596610000000105e+00
6.707000000000002023e-03 2.185705019999999976e+01 1.062335779999999952e+00
6.877000000000001168e-03 2.262085730000000083e+01 1.063344169999999922e+00
7.045999999999998445e-03 2.015571500000000427e+01 1.002887419999999974e+00
7.216000000000001059e-03 1.987365720000000380e+01 9.925882870000000135e-01
7.386000000000001071e-03 1.913178519999999949e+01 9.447311670000000383e-01
7.556000000000001084e-03 1.749680469999999488e+01 8.951105379999999556e-01
7.726000000000001096e-03 1.710104919999999851e+01 8.827032649999999592e-01
7.895000000000002710e-03 1.592781589999999881e+01 8.218732189999999882e-01
8.064999999999999253e-03 1.641017489999999768e+01 8.396069350000000542e-01
8.235000000000002734e-03 1.624773939999999683e+01 8.161747440000000076e-01
8.404999999999997543e-03 1.561860869999999579e+01 8.010212389999999960e-01
8.574000000000000024e-03 1.496765410000000429e+01 7.663207909999999456e-01
8.743999999999996567e-03 1.500029110000000010e+01 7.557959250000000351e-01
8.913999999999996579e-03 1.320594389999999763e+01 7.158061230000000164e-01
9.083999999999996591e-03 1.435462229999999906e+01 7.237674619999999726e-01
9.254000000000001808e-03 1.276102520000000240e+01 6.990486019999999634e-01
9.422999999999995616e-03 1.268706519999999749e+01 6.767507689999999743e-01
9.593000000000002567e-03 1.173196910000000059e+01 6.401469979999999671e-01
9.762999999999997375e-03 1.116912159999999865e+01 6.345229700000000195e-01
9.933000000000006061e-03 1.098404599999999753e+01 6.105626800000000243e-01
1.010299999999999913e-02 1.041354230000000136e+01 5.872085780000000366e-01
1.027200000000000162e-02 1.197698119999999733e+01 6.199065719999999891e-01
1.069699999999999818e-02 1.063452640000000038e+01 1.314359539999999937e-01
1.103600000000000241e-02 1.001468370000000085e+01 1.275572450000000135e-01
1.137600000000000243e-02 9.715853329999999843e+00 1.242448589999999992e-01
1.171599999999999898e-02 8.928791139999999515e+00 1.163009470000000017e-01
1.205500000000000148e-02 8.397373500000000490e+00 1.131267360000000055e-01
1.239499999999999803e-02 8.072786609999999641e+00 1.059332280000000043e-01
1.273399999999999879e-02 7.554590069999998825e+00 1.036593999999999988e-01
1.307400000000000055e-02 6.952931350000000954e+00 9.807773100000000133e-02
1.341300000000000131e-02 6.678428539999998748e+00 9.401484999999999703e-02
1.375299999999999613e-02 6.361480359999999834e+00 9.117675329999999634e-02
1.409299999999999962e-02 5.939536080000000773e+00 8.548214460000000403e-02
1.443199999999999691e-02 5.667773629999999230e+00 8.533947949999999560e-02
1.477199999999999694e-02 5.382062599999999364e+00 8.051278990000000635e-02
1.511100000000000290e-02 4.974146250000000435e+00 7.702915500000000193e-02
1.545099999999999772e-02 4.841938640000000404e+00 7.435966230000000399e-02
1.579099999999999948e-02 4.520510009999999745e+00 7.178033390000000680e-02
1.613000000000000198e-02 4.350717760000000212e+00 7.053182090000000015e-02
1.646999999999999853e-02 3.993034590000000605e+00 6.543698530000000013e-02
1.680900000000000102e-02 3.948162579999999977e+00 6.475400879999999859e-02
1.714900000000000105e-02 3.742956669999999875e+00 6.288399829999999358e-02
1.748800000000000354e-02 3.574736679999999556e+00 6.041576170000000079e-02
1.782800000000000357e-02 3.490538590000000330e+00 5.976106839999999892e-02
1.816800000000000359e-02 3.209085460000000278e+00 5.572923529999999903e-02
1.850700000000000262e-02 3.058986430000000034e+00 5.470925150000000015e-02
1.884699999999999570e-02 3.019699929999999810e+00 5.379565470000000071e-02
1.918599999999999819e-02 2.852815590000000068e+00 5.189525190000000149e-02
1.952599999999999822e-02 2.663945420000000119e+00 4.933932259999999903e-02
1.986600000000000518e-02 2.580491310000000205e+00 4.808855010000000207e-02
2.020500000000000421e-02 2.504245200000000171e+00 4.779632930000000252e-02
2.054500000000000076e-02 2.233229070000000149e+00 4.410993760000000291e-02
2.088400000000000326e-02 2.172193309999999933e+00 4.429553469999999993e-02
2.122400000000000328e-02 2.040803679999999787e+00 4.182800700000000038e-02
2.156300000000000230e-02 1.943811509999999965e+00 4.066399700000000034e-02
2.190299999999999539e-02 1.865967759999999975e+00 4.001393200000000205e-02
2.224299999999999888e-02 1.805228370000000027e+00 3.818938580000000305e-02
2.258199999999999791e-02 1.699041349999999895e+00 3.790627960000000213e-02
2.292200000000000487e-02 1.559370439999999913e+00 3.525028119999999709e-02
2.326099999999999696e-02 1.456469749999999896e+00 3.485473509999999914e-02
2.360099999999999698e-02 1.374937639999999961e+00 3.286739510000000197e-02
2.394100000000000394e-02 1.315884800000000077e+00 3.178877950000000285e-02
2.427999999999999950e-02 1.259743459999999926e+00 3.183563479999999835e-02
2.461999999999999605e-02 1.205995420000000040e+00 3.020684519999999873e-02
2.495899999999999508e-02 1.066443959999999969e+00 2.882031029999999883e-02
2.529899999999999857e-02 9.718189940000000471e-01 2.728668589999999963e-02
2.563799999999999760e-02 8.673110779999999576e-01 2.574496639999999947e-02
2.597800000000000456e-02 8.080477799999999933e-01 2.515805200000000019e-02
2.631800000000000458e-02 7.654794029999999472e-01 2.355694590000000088e-02
2.665699999999999667e-02 7.236069899999999500e-01 2.355980590000000124e-02
2.699700000000000710e-02 6.920922830000000303e-01 2.259995919999999853e-02
2.733600000000000613e-02 5.821794670000000060e-01 2.107381200000000079e-02
2.767599999999999574e-02 5.009134889999999896e-01 1.984957979999999941e-02
2.801500000000000171e-02 4.682774610000000060e-01 1.875069619999999992e-02
2.835500000000000867e-02 4.428458020000000106e-01 1.857392169999999912e-02
2.869499999999999135e-02 3.532362949999999779e-01 1.663467739999999889e-02
2.903400000000000078e-02 3.221578540000000213e-01 1.602824840000000028e-02
2.937400000000000080e-02 3.080126189999999875e-01 1.559524280000000075e-02
2.971299999999999983e-02 2.341612150000000059e-01 1.422797760000000036e-02
3.005299999999999985e-02 2.342718109999999965e-01 1.440782449999999937e-02
3.039300000000000335e-02 1.975752860000000166e-01 1.309940690000000081e-02
3.073199999999999890e-02 2.021806369999999686e-01 1.343294599999999943e-02
3.107199999999999199e-02 1.395787430000000051e-01 1.203412449999999995e-02
3.141100000000000142e-02 1.404054419999999914e-01 1.189363679999999937e-02
3.175100000000000838e-02 1.192687649999999849e-01 1.161368609999999940e-02
3.209000000000000741e-02 1.121352699999999952e-01 1.074511920000000009e-02
3.243000000000000049e-02 9.305880590000001340e-02 1.092969979999999959e-02
3.277000000000000052e-02 1.036598729999999996e-01 1.027897430000000029e-02
3.310900000000000648e-02 8.124807789999997920e-02 1.013757399999999989e-02
3.344899999999999957e-02 7.419825610000001237e-02 1.009168099999999992e-02
3.378799999999999165e-02 7.931722309999998666e-02 9.559868029999999892e-03
3.412799999999999861e-02 7.202624890000002000e-02 1.010873829999999959e-02
3.446800000000000558e-02 9.277785930000000125e-02 9.691966030000000523e-03
3.480699999999999766e-02 6.398466989999999910e-02 1.023887400000000024e-02
3.514700000000000463e-02 7.424465209999998871e-02 1.038867989999999950e-02
3.548599999999999671e-02 4.912552570000000562e-02 9.506007979999999899e-03
3.582599999999998980e-02 5.595131830000000389e-02 1.027955940000000075e-02
3.616500000000000270e-02 6.162296109999998439e-02 9.812675669999999795e-03
3.650500000000000966e-02 5.834203859999999991e-02 9.641986119999999480e-03
3.684500000000000275e-02 5.003672449999998356e-02 1.005904929999999926e-02
3.718400000000000177e-02 6.349608610000000153e-02 1.043954539999999986e-02
3.752400000000000180e-02 8.015361040000000548e-02 1.068544710000000030e-02
3.786300000000000776e-02 7.594682049999998408e-02 1.035255480000000020e-02
3.820300000000000779e-02 7.997932560000001190e-02 1.047149720000000069e-02
3.854300000000000781e-02 8.758000539999998002e-02 1.034655299999999965e-02
3.888199999999999990e-02 8.123541970000001944e-02 1.023596119999999922e-02
3.922199999999999992e-02 9.130638369999999338e-02 1.081065200000000046e-02
3.956099999999999201e-02 6.931462169999999534e-02 1.051750819999999927e-02
3.990099999999999203e-02 9.900462240000003356e-02 1.071727630000000007e-02
4.023999999999999105e-02 8.690363900000001862e-02 1.063586310000000021e-02
4.057999999999999802e-02 7.730983099999998165e-02 1.072993520000000041e-02
4.091999999999999110e-02 7.649289919999999188e-02 1.044892780000000049e-02
4.125900000000000400e-02 8.604182140000000978e-02 1.075030100000000030e-02
4.159900000000000403e-02 9.874316650000000695e-02 1.080986199999999994e-02
4.193800000000000305e-02 8.926032929999999643e-02 1.052002840000000085e-02
4.227800000000000308e-02 9.873760489999998391e-02 1.120450620000000043e-02
4.261799999999999616e-02 9.743507589999998719e-02 1.060215219999999930e-02
4.295699999999999519e-02 1.106270830000000011e-01 1.091255690000000021e-02
4.329700000000000909e-02 8.861573250000000235e-02 1.075396619999999942e-02
4.363599999999999424e-02 9.013080950000000591e-02 1.055854030000000048e-02
4.397599999999999426e-02 1.014311730000000134e-01 1.078570969999999990e-02
4.431499999999999329e-02 8.666762090000000585e-02 1.021859930000000062e-02
4.465500000000000025e-02 1.022660080000000055e-01 1.102411900000000063e-02
4.499500000000000721e-02 7.737844350000000482e-02 1.061414880000000061e-02
4.533399999999999236e-02 1.006158780000000197e-01 1.047862240000000007e-02
4.567399999999999932e-02 9.287371860000000201e-02 1.063906660000000018e-02
4.601299999999999141e-02 6.904867909999999609e-02 9.834166809999999453e-03
4.635299999999999143e-02 8.793790930000000561e-02 1.028240719999999955e-02
4.669200000000000433e-02 8.321184260000000221e-02 9.897687219999999619e-03
4.703200000000000436e-02 7.752745229999997989e-02 9.737440439999999961e-03
4.737200000000000438e-02 6.614511639999999526e-02 9.657513319999999971e-03
4.771100000000001035e-02 6.005199540000001612e-02 8.941173110000000604e-03
4.805099999999998955e-02 5.658335400000000931e-02 9.068513110000000696e-03
4.839000000000000246e-02 6.253867110000001228e-02 8.970682149999999189e-03
4.873000000000000942e-02 5.995533720000000011e-02 8.797497930000000230e-03
4.907000000000000250e-02 6.192436140000000255e-02 8.432330979999999587e-03
4.940900000000000847e-02 6.382095399999998531e-02 8.164087520000000084e-03
4.974900000000000155e-02 6.849853340000000568e-02 8.593425190000000130e-03
5.008800000000001446e-02 4.878449359999999235e-02 7.802922169999999651e-03
5.042799999999999366e-02 6.111096279999999464e-02 8.077582550000000222e-03
5.076700000000000657e-02 5.342642210000000252e-02 7.829461260000000061e-03
5.110700000000000659e-02 5.432475280000000767e-02 8.045309210000000516e-03
5.144699999999999968e-02 5.155257890000000676e-02 7.535754639999999588e-03
5.178599999999998482e-02 3.707294500000000298e-02 7.381006439999999828e-03
5.212600000000000566e-02 4.123973040000000756e-02 7.218078670000000092e-03
5.246499999999999775e-02 4.048846959999999329e-02 6.696120960000000351e-03
5.280499999999999083e-02 2.395143530000000409e-02 6.481605920000000319e-03
5.314499999999998392e-02 3.710867550000000042e-02 6.902231780000000344e-03
5.348400000000000376e-02 2.039644389999999488e-02 6.458659299999999943e-03
5.382399999999998991e-02 1.409220500000000001e-02 6.496459530000000052e-03
5.416300000000000281e-02 2.813030399999999487e-02 6.297930830000000348e-03
5.450300000000001671e-02 2.350478810000000349e-02 6.214928080000000320e-03
5.484200000000000880e-02 2.258244489999999827e-02 6.491100730000000200e-03
5.518199999999999494e-02 2.697286649999999786e-02 5.998941869999999815e-03
5.552199999999998803e-02 1.120869000000000205e-02 6.055804389999999877e-03
5.586100000000000093e-02 2.404554760000000152e-02 5.902454029999999567e-03
5.620099999999999402e-02 1.944557430000000420e-02 5.791029280000000237e-03
5.653999999999999998e-02 1.627110970000000476e-02 5.961601369999999789e-03
5.688000000000000000e-02 2.450645269999999695e-02 5.813249319999999956e-03
5.722000000000000697e-02 2.029658010000000290e-02 5.675515970000000361e-03
5.755899999999999211e-02 1.131846149999999815e-02 5.401780549999999660e-03
5.789899999999999214e-02 1.626835329999999635e-02 5.488752480000000204e-03
5.823800000000000504e-02 9.878448720000003805e-03 5.400658990000000402e-03
5.857800000000001200e-02 1.672729620000000181e-02 5.492820419999999877e-03
5.891699999999998327e-02 2.023909580000000236e-02 5.433954310000000017e-03
5.925699999999998330e-02 1.239437650000000009e-02 5.368157789999999582e-03
5.959700000000001108e-02 6.239189410000000983e-03 5.565344899999999720e-03
5.993600000000000316e-02 1.592427379999999948e-02 5.425818239999999695e-03
6.027600000000001013e-02 1.830359400000000289e-02 5.161737979999999996e-03
6.061500000000000915e-02 1.502860910000000313e-02 5.667028850000000242e-03
6.095499999999999530e-02 1.601821139999999935e-02 5.031441030000000092e-03
6.129400000000000126e-02 1.715986980000000148e-02 5.037563249999999979e-03
6.163399999999999435e-02 1.375122920000000117e-02 4.909819289999999871e-03
6.197400000000001519e-02 7.557845769999998325e-03 4.838059330000000005e-03
6.231300000000000727e-02 1.852708470000000163e-02 4.915087220000000263e-03
6.265299999999998648e-02 2.280013829999999811e-02 5.082730080000000261e-03
6.299200000000002020e-02 1.950890260000000265e-02 5.178178410000000391e-03
6.333200000000001328e-02 1.172558280000000029e-02 4.645086619999999784e-03
6.367200000000000637e-02 1.743505990000000089e-02 4.970166029999999700e-03
6.401099999999998458e-02 2.088465919999999906e-02 4.746536239999999893e-03
6.435100000000000542e-02 1.505228639999999993e-02 4.518077679999999569e-03
6.469000000000001138e-02 2.621447470000000043e-02 5.028400780000000063e-03
6.502999999999999059e-02 1.677065410000000076e-02 4.495996319999999956e-03
6.536899999999999655e-02 2.720916229999999908e-02 4.657843289999999761e-03
6.570900000000000352e-02 2.274313039999999869e-02 4.731975680000000128e-03
6.604899999999998272e-02 2.203748039999999658e-02 4.753369149999999745e-03
6.638799999999998869e-02 2.110653230000000477e-02 4.511698169999999938e-03
6.672799999999999565e-02 2.520101079999999272e-02 4.495083339999999920e-03
6.706699999999998774e-02 1.619358869999999728e-02 4.317345349999999679e-03
6.740699999999999470e-02 1.007330160000000259e-02 4.503830880000000286e-03
6.774700000000000166e-02 1.494602949999999930e-02 4.365211849999999991e-03
6.808600000000000763e-02 1.790798429999999886e-02 4.309273930000000370e-03
6.842600000000000071e-02 1.750591320000000409e-02 4.249527089999999979e-03
6.876500000000000667e-02 2.083389279999999996e-02 4.461893479999999579e-03
6.910499999999998588e-02 1.697576959999999580e-02 4.288506499999999826e-03
6.944400000000000572e-02 1.124358200000000023e-02 4.291922299999999767e-03
6.978399999999998493e-02 5.201818260000001977e-03 4.130484069999999959e-03
7.012399999999999189e-02 1.779065950000000007e-02 4.049581899999999887e-03
7.046299999999999786e-02 1.585956019999999744e-02 4.073701889999999798e-03
7.080300000000001870e-02 1.168713369999999953e-02 3.874885780000000141e-03
7.114199999999999691e-02 1.484042750000000299e-02 3.781832870000000155e-03
7.148199999999998999e-02 1.706701060000000159e-02 3.920613810000000109e-03
7.182200000000001083e-02 1.343300190000000331e-02 3.807364450000000084e-03
7.216100000000000292e-02 1.051560760000000080e-02 4.014376790000000368e-03
7.250099999999998213e-02 1.761518050000000432e-02 3.862745209999999922e-03
7.283999999999998809e-02 1.558950610000000084e-02 3.643052380000000139e-03
7.317999999999999505e-02 1.467282039999999975e-02 3.772321759999999920e-03
7.351899999999998714e-02 1.608877179999999504e-02 3.728519139999999892e-03
7.385899999999998022e-02 1.131480909999999646e-02 3.591004870000000064e-03
7.419899999999998719e-02 1.661244129999999916e-02 3.646618360000000204e-03
7.453799999999999315e-02 7.362238469999996503e-03 3.503905720000000026e-03
7.487800000000001399e-02 1.161114459999999966e-02 3.263134349999999902e-03
7.521699999999999220e-02 9.839994379999994489e-03 3.536560250000000093e-03
7.555699999999998528e-02 7.132959409999997842e-03 3.389405759999999847e-03
7.589700000000002000e-02 5.390181609999997528e-03 3.470399519999999970e-03
7.623599999999998433e-02 1.653553749999999919e-02 3.346696960000000200e-03
7.657599999999999130e-02 8.647172470000002303e-03 3.441866039999999863e-03
7.691500000000001114e-02 7.929028209999997717e-03 3.413368200000000026e-03
7.725500000000001810e-02 8.936172470000003365e-03 3.169041159999999840e-03
7.759400000000001019e-02 9.902872879999998282e-03 3.423409440000000064e-03
7.793400000000000327e-02 1.003131560000000179e-02 3.237005839999999943e-03
7.827400000000001024e-02 1.220535300000000212e-02 3.296953190000000145e-03
7.861300000000001620e-02 8.173447419999996938e-03 3.065437869999999843e-03
7.895300000000000928e-02 5.610125789999999106e-03 3.108682590000000009e-03
7.929200000000001525e-02 8.141042689999995752e-03 3.163533630000000142e-03
7.963199999999999446e-02 4.176700960000000705e-03 3.119468010000000201e-03
7.997099999999998654e-02 5.878802130000001028e-03 2.909921900000000082e-03
8.031100000000000738e-02 8.102747849999997892e-03 3.066901959999999983e-03
8.065100000000000047e-02 5.035639549999999277e-03 3.022077589999999994e-03
8.099000000000000643e-02 1.101461010000000240e-02 2.824112340000000092e-03
8.133000000000001339e-02 5.907346479999997166e-03 3.161254279999999809e-03
8.166899999999999160e-02 7.639569490000003814e-03 3.150926960000000141e-03
8.200899999999998469e-02 7.438696119999997636e-03 2.842535660000000165e-03
8.234900000000001941e-02 4.807292240000002846e-03 3.091768789999999826e-03
8.268799999999998374e-02 1.393244510000000123e-02 2.984922509999999793e-03
8.302800000000001845e-02 4.863323090000001500e-03 2.760050339999999946e-03
8.336699999999999666e-02 2.855950669999998519e-03 2.721228779999999934e-03
8.370699999999998975e-02 3.304853159999998884e-03 2.804640350000000074e-03
8.404600000000000959e-02 1.035063509999999826e-02 2.991036820000000061e-03
8.438599999999998880e-02 4.036670069999998868e-03 2.587996480000000210e-03
8.472599999999999576e-02 8.035965490000001460e-03 2.712377450000000127e-03
8.506500000000001560e-02 6.401875449999997782e-03 2.857417520000000207e-03
8.540500000000000869e-02 7.300487209999997028e-03 2.698136690000000129e-03
8.574400000000001465e-02 6.955250370000001618e-03 2.891643360000000027e-03
8.608400000000000774e-02 3.444553829999998790e-03 2.757403959999999918e-03
8.642399999999998694e-02 7.898010900000000320e-03 2.864539379999999930e-03
8.676300000000002066e-02 3.081230480000001892e-03 2.569340409999999915e-03
8.710299999999999987e-02 4.126025930000000799e-03 2.576121939999999940e-03
8.744200000000001971e-02 9.445689969999998895e-03 2.847861140000000017e-03
8.778199999999999892e-02 3.381207660000001489e-03 2.639933220000000112e-03
8.812100000000001876e-02 8.437694409999996550e-03 2.658513659999999900e-03
8.846099999999999797e-02 9.355811599999999673e-03 2.704449350000000165e-03
8.880100000000000493e-02 1.225110030000000141e-02 2.628728959999999948e-03
8.914000000000001089e-02 7.148905669999997860e-03 2.649217819999999911e-03
8.948000000000001786e-02 7.242450479999999052e-03 2.813062470000000145e-03
8.981900000000000994e-02 5.522520230000002063e-03 2.697787220000000090e-03
9.015899999999998915e-02 4.044805400000002146e-03 2.591165680000000193e-03
9.049899999999998224e-02 5.082873659999999003e-03 2.750693649999999806e-03
9.083800000000001595e-02 1.162022909999999888e-02 2.622959900000000101e-03
9.117799999999999516e-02 5.567138800000001261e-03 2.594558900000000154e-03
9.151700000000000113e-02 4.769638950000001931e-03 2.670572659999999928e-03
9.185699999999998033e-02 1.190628540000000096e-02 2.717793220000000020e-03
9.219599999999998630e-02 6.678770019999998725e-03 2.591406760000000090e-03
9.253599999999997938e-02 9.824003330000004308e-03 2.426830449999999983e-03
9.287600000000000022e-02 4.986061600000001905e-03 2.607782649999999900e-03
9.321500000000000619e-02 6.520079210000003303e-03 2.543734529999999803e-03
9.355500000000001315e-02 6.950179190000002616e-03 2.423966630000000139e-03
9.389399999999999136e-02 5.853156619999998374e-03 2.369444359999999927e-03
9.423399999999999832e-02 8.950771240000002238e-03 2.542445960000000015e-03
9.457400000000000528e-02 2.715106870000000110e-03 2.477376219999999872e-03
9.491299999999998349e-02 8.293932209999996946e-03 2.480725390000000207e-03
9.525300000000000433e-02 4.413977589999997994e-03 2.584042630000000021e-03
9.559199999999998254e-02 7.637086840000000508e-03 2.518483929999999933e-03
9.593200000000001726e-02 1.895238779999999313e-03 2.272723520000000021e-03
9.627099999999999547e-02 5.480251230000001035e-03 2.377269109999999991e-03
9.661100000000000243e-02 3.324083920000001774e-03 2.455160100000000102e-03
9.695099999999998164e-02 8.709187729999999864e-03 2.429382830000000049e-03
9.728999999999997372e-02 1.614164130000000094e-03 2.145631060000000034e-03
9.762999999999996681e-02 6.923922120000000277e-03 2.433099660000000164e-03
9.796899999999998665e-02 5.775977219999998968e-03 2.406218009999999859e-03
9.830899999999997974e-02 1.547849769999999972e-03 2.278029940000000138e-03
9.864799999999999958e-02 3.075935999999999167e-03 2.270020000000000197e-03
9.898800000000000654e-02 5.322393580000000200e-03 2.438801430000000006e-03
9.932800000000001350e-02 6.312766009999999130e-03 2.340739249999999969e-03
1.000069999999999848e-01 1.419919599999999510e-03 2.400938159999999825e-03
1.003460000000000046e-01 3.983519140000000777e-03 2.166436309999999945e-03
1.006859999999999977e-01 5.197471070000001837e-03 2.163753669999999955e-03
1.010260000000000047e-01 5.590228439999999147e-03 2.352900270000000005e-03
1.013649999999999968e-01 7.458370180000000772e-03 2.369781459999999954e-03
1.017050000000000037e-01 2.857471920000000977e-03 2.181157210000000003e-03
1.020439999999999958e-01 2.987357339999999997e-04 2.187451989999999926e-03
1.023839999999999889e-01 8.974322249999999723e-03 2.347854119999999867e-03
1.027229999999999949e-01 3.696324330000000380e-03 2.158583410000000039e-03
1.030630000000000018e-01 5.563463039999999235e-03 2.251324979999999847e-03
1.034029999999999810e-01 1.100352640000000146e-02 2.107120059999999847e-03
1.037420000000000148e-01 6.899061619999997258e-03 2.344990749999999961e-03
1.040819999999999940e-01 5.979060820000001511e-03 2.265218759999999831e-03
1.044209999999999861e-01 9.359615400000003554e-03 2.253459440000000168e-03
1.047610000000000069e-01 3.530744380000001240e-03 2.154323809999999888e-03
1.054400000000000059e-01 1.406565890000000159e-03 2.349380089999999945e-03
1.057799999999999851e-01 2.129619120000000084e-03 2.310669919999999797e-03
1.061190000000000050e-01 5.157240439999999544e-03 2.209581940000000105e-03
1.064590000000000120e-01 5.780490609999998537e-03 2.367660430000000180e-03
1.067979999999999902e-01 6.886759369999999499e-03 2.212468920000000214e-03
1.071379999999999971e-01 3.504372179999998803e-04 2.189912599999999793e-03
1.074780000000000041e-01 1.295875940000000299e-03 2.203963489999999966e-03
1.078169999999999962e-01 1.158854219999999515e-03 2.160532819999999923e-03
1.081570000000000170e-01 2.490786679999999493e-03 2.151266739999999848e-03
1.084959999999999952e-01 2.499938680000000045e-03 2.146675270000000021e-03
1.091760000000000091e-01 4.486693220000001654e-03 2.040579749999999869e-03
1.098549999999999804e-01 8.765980300000000142e-03 2.229996909999999982e-03
1.101939999999999864e-01 2.885683699999999803e-03 2.144539809999999793e-03
1.105339999999999934e-01 4.659139449999999578e-03 2.155251029999999835e-03
1.108729999999999855e-01 3.334845270000000132e-03 2.115107450000000121e-03
1.112130000000000063e-01 8.497741190000001471e-03 2.179312069999999810e-03
1.115529999999999994e-01 4.210235710000001172e-03 1.899413929999999940e-03
1.118920000000000053e-01 5.807760609999997048e-03 2.206754129999999921e-03
1.122320000000000123e-01 9.201884690000002465e-05 2.086208659999999951e-03
1.125710000000000044e-01 4.059703990000000824e-03 2.055387699999999904e-03
1.129110000000000114e-01 2.416456729999999237e-03 2.071950779999999839e-03
1.132499999999999896e-01 3.495939529999998741e-03 2.215316640000000205e-03
1.135900000000000104e-01 3.753776479999998850e-03 2.202053309999999885e-03
1.139300000000000035e-01 8.216355170000001328e-04 2.141076799999999843e-03
1.142689999999999956e-01 2.667691109999998939e-03 2.066486040000000031e-03
1.146090000000000164e-01 2.008124270000000676e-03 2.008564620000000134e-03
1.149479999999999946e-01 5.674174789999999156e-03 2.119103059999999979e-03
1.152880000000000155e-01 2.219184180000000062e-03 1.977401819999999918e-03
1.156279999999999947e-01 1.378820330000000418e-03 1.944547879999999982e-03
1.159669999999999868e-01 2.935701840000001176e-03 2.045018930000000196e-03
1.163069999999999937e-01 1.219739249999999501e-03 1.890104440000000066e-03
1.166460000000000136e-01 4.666312849999999790e-03 2.111929040000000077e-03
1.169860000000000066e-01 2.912948359999999702e-03 1.877452080000000054e-03
1.176650000000000057e-01 5.655958539999997835e-03 1.987322770000000093e-03
1.180049999999999988e-01 1.559169979999999560e-03 2.096167029999999789e-03
1.183439999999999909e-01 8.692510389999998468e-05 2.089417220000000085e-03
1.190229999999999899e-01 3.316597330000001405e-03 2.043904669999999958e-03
1.193629999999999969e-01 4.111572510000001293e-04 2.075293719999999915e-03
1.197030000000000038e-01 2.484859859999999018e-03 2.143770870000000130e-03
1.200419999999999821e-01 3.904414359999999144e-03 1.925839109999999930e-03
1.203820000000000029e-01 5.827194810000001267e-04 1.990713109999999852e-03
1.207210000000000089e-01 1.546683180000000234e-03 2.171478839999999803e-03
1.210610000000000019e-01 1.593899840000000730e-03 2.028155219999999790e-03
1.213999999999999801e-01 3.478953429999999056e-03 1.827993250000000064e-03
1.217399999999999871e-01 4.599569269999998454e-04 1.935015349999999901e-03
1.220799999999999802e-01 1.219509179999999629e-03 1.897397749999999925e-03
1.224190000000000139e-01 2.713367569999999406e-03 1.994115209999999892e-03
1.227590000000000070e-01 1.667046640000000197e-03 1.912008219999999968e-03
1.230979999999999852e-01 1.348856640000000101e-03 1.882471670000000069e-03
1.234380000000000061e-01 2.318910689999998959e-03 2.020142700000000183e-03
1.237779999999999991e-01 1.707459779999999632e-03 1.850717219999999975e-03
1.241170000000000051e-01 1.401221440000000431e-03 1.938754999999999905e-03
1.244570000000000121e-01 9.569904059999997980e-04 1.917761270000000037e-03
1.251359999999999972e-01 4.021138680000002109e-03 1.832945880000000057e-03
1.254750000000000032e-01 2.204677549999999476e-03 1.819536860000000103e-03
1.258150000000000102e-01 3.775833839999998519e-03 1.851342829999999898e-03
1.261549999999999894e-01 8.640432539999998466e-04 2.022526440000000161e-03
1.264939999999999953e-01 2.294285160000000302e-03 1.985165829999999826e-03
1.268339999999999745e-01 8.335408419999996901e-04 1.867315659999999999e-03
1.271730000000000083e-01 1.148961589999999804e-03 1.906227740000000000e-03
1.278529999999999944e-01 2.524136860000001075e-03 1.962376779999999970e-03
1.281920000000000004e-01 1.497760660000000505e-03 1.914876050000000052e-03
1.285320000000000074e-01 5.283145820000001924e-05 1.865100379999999961e-03
1.288710000000000411e-01 2.401829639999998871e-04 1.757251119999999993e-03
1.298900000000000055e-01 1.026776530000000128e-03 1.810067899999999929e-03
1.302300000000000124e-01 5.458992669999998808e-04 1.842422540000000037e-03
1.309089999999999976e-01 2.997791459999999547e-03 1.748007999999999897e-03
1.312480000000000036e-01 2.485204970000000867e-03 1.846779719999999941e-03
1.322670000000000234e-01 1.309054579999999884e-03 1.823617949999999923e-03
1.326070000000000026e-01 5.369807449999997213e-03 1.763042100000000072e-03
1.336249999999999938e-01 1.885413219999999834e-03 1.754003160000000084e-03
1.339650000000000285e-01 2.762605890000000789e-03 1.853848339999999897e-03
1.343050000000000077e-01 1.734013960000000678e-03 1.833706559999999982e-03
1.353229999999999988e-01 6.784364970000002172e-04 1.829600289999999945e-03
1.356630000000000058e-01 2.357500439999999330e-03 1.906538410000000036e-03
1.360020000000000395e-01 2.609181750000000711e-04 1.759904129999999983e-03
1.363419999999999632e-01 2.963807650000001466e-03 1.890718169999999971e-03
1.366819999999999979e-01 8.350877459999998201e-04 1.788613160000000106e-03
1.370210000000000039e-01 3.310668019999999712e-04 1.811799960000000072e-03
1.373610000000000109e-01 1.813872370000000483e-03 1.745497439999999911e-03
1.376999999999999891e-01 2.864493849999999713e-03 1.852678040000000021e-03
1.383800000000000030e-01 1.769912700000000026e-03 1.775500769999999911e-03
1.387190000000000367e-01 1.812593400000000717e-03 1.948674720000000008e-03
1.390589999999999882e-01 1.891333910000000517e-03 1.763103750000000062e-03
1.393979999999999664e-01 3.653785670000000898e-03 1.754879229999999936e-03
1.397380000000000289e-01 1.984577140000000264e-03 1.848057339999999897e-03
1.400770000000000071e-01 2.842101459999999986e-03 1.893093460000000103e-03
1.404169999999999585e-01 1.936540459999999512e-03 1.869568710000000036e-03
1.407570000000000210e-01 4.382165840000000478e-03 1.883442279999999894e-03
1.410959999999999992e-01 2.253964979999999781e-03 2.012824419999999920e-03
1.414360000000000062e-01 6.391616629999998054e-04 1.743861350000000098e-03
1.417750000000000121e-01 1.575063029999999745e-04 1.862263369999999892e-03
1.421149999999999913e-01 9.484659479999997967e-04 1.923205849999999953e-03
1.431340000000000112e-01 7.233816010000002463e-04 1.880897079999999978e-03
1.434729999999999894e-01 3.252667740000000831e-03 1.829555029999999950e-03
1.438130000000000241e-01 1.614989839999999297e-03 2.042889669999999915e-03
1.441520000000000024e-01 2.082452450000000631e-03 1.930974380000000015e-03
1.451709999999999945e-01 3.396964559999998343e-03 1.916588380000000102e-03
1.455110000000000292e-01 4.922232429999999709e-04 1.956001260000000009e-03
1.458500000000000074e-01 8.825929870000001447e-04 1.891226530000000025e-03
1.472090000000000065e-01 1.561545599999998971e-06 1.823823779999999943e-03
1.475480000000000125e-01 1.095175010000000492e-03 1.847306470000000022e-03
1.482269999999999976e-01 3.960067200000000343e-03 2.075267970000000024e-03
1.485670000000000046e-01 4.488094480000001532e-04 1.860845170000000048e-03
1.489070000000000116e-01 1.956380660000000150e-03 2.007008460000000126e-03
1.506039999999999601e-01 3.672743699999999386e-04 1.757652439999999932e-03
1.512840000000000018e-01 1.376719609999999287e-03 1.890045130000000051e-03
1.516230000000000078e-01 1.270308279999999906e-03 1.895099759999999915e-03
1.519630000000000147e-01 2.431658840000000717e-03 1.964992029999999921e-03
1.523019999999999929e-01 1.230709960000000470e-03 1.873616060000000017e-03
1.526419999999999999e-01 5.950057989999997477e-04 1.941919370000000106e-03
1.529820000000000346e-01 1.413774439999999997e-03 1.999226110000000209e-03
1.533209999999999851e-01 1.842035970000000574e-03 1.900840239999999903e-03
1.536609999999999920e-01 2.253662549999999130e-03 2.134956249999999788e-03
1.539999999999999980e-01 5.899953509999999578e-04 1.923521650000000090e-03
1.543400000000000327e-01 9.294537910000002070e-04 2.112002889999999890e-03
1.546790000000000109e-01 1.780326740000000123e-03 2.013211699999999799e-03
1.550189999999999901e-01 1.310704799999999398e-03 2.057006960000000179e-03
1.553589999999999971e-01 3.372406040000001785e-04 2.054721329999999787e-03
1.556980000000000308e-01 9.184707750000003796e-04 1.916114939999999942e-03
1.563769999999999882e-01 7.615085520000001128e-04 2.001209989999999835e-03
1.570569999999999744e-01 3.383382650000000321e-03 1.974050939999999910e-03
1.573959999999999804e-01 7.605290980000003901e-04 1.997141860000000053e-03
1.577359999999999873e-01 4.725393469999997730e-03 2.058787570000000181e-03
1.584149999999999725e-01 7.032668930000002521e-04 1.923293869999999958e-03
1.587540000000000062e-01 1.109012189999999823e-03 2.036990700000000046e-03
1.590940000000000132e-01 5.189833319999999188e-03 2.004098069999999884e-03
1.594339999999999924e-01 2.107956520000000330e-03 2.012139899999999901e-03
1.597729999999999984e-01 3.245005140000001200e-03 2.240064370000000200e-03
1.601130000000000331e-01 1.905275460000000441e-03 2.067995930000000177e-03
1.604519999999999835e-01 1.425768249999999869e-03 1.856893529999999919e-03
1.611319999999999975e-01 1.707293420000000408e-03 1.816912749999999993e-03
1.614710000000000034e-01 1.734016309999999962e-03 2.029907669999999990e-03
1.618110000000000104e-01 2.299006299999999266e-04 2.050338169999999828e-03
1.621500000000000163e-01 5.161999629999997931e-03 2.051951539999999786e-03
1.631690000000000362e-01 7.595653679999996098e-05 1.908520269999999927e-03
1.638479999999999659e-01 3.027490099999998602e-03 1.940289819999999965e-03
1.641880000000000006e-01 4.321292979999997834e-03 2.119739030000000139e-03
1.648670000000000413e-01 2.263909590000000825e-03 1.999922140000000206e-03
1.655460000000000265e-01 3.429731089999999306e-03 2.056309430000000105e-03
1.658860000000000057e-01 1.830341299999999321e-03 1.892658740000000049e-03
1.669040000000000246e-01 2.091018239999999952e-03 1.981914979999999972e-03
1.672439999999999760e-01 1.577607709999999299e-03 2.036138289999999979e-03
1.675840000000000107e-01 2.499072769999998735e-04 1.913511749999999940e-03
1.679230000000000167e-01 6.274501439999999580e-04 2.105849480000000166e-03
1.692810000000000148e-01 5.750580659999996640e-04 2.052137409999999981e-03
1.696209999999999940e-01 2.820644229999999270e-03 1.846767960000000094e-03
1.699610000000000287e-01 2.363337420000001000e-03 1.981779559999999850e-03
1.703000000000000069e-01 2.224493909999999096e-03 1.954129660000000161e-03
1.709789999999999921e-01 6.274390460000003715e-03 2.013473970000000026e-03
1.719980000000000397e-01 1.679821539999999539e-03 1.976251269999999838e-03
1.726769999999999972e-01 1.192810279999999626e-03 2.013559829999999988e-03
1.730170000000000041e-01 1.834706690000000246e-03 1.881925939999999934e-03
1.736959999999999893e-01 5.061180479999997624e-04 2.087960749999999855e-03
1.740360000000000240e-01 1.942808400000000432e-03 2.067926749999999918e-03
1.743750000000000300e-01 3.231160760000000281e-03 1.984198050000000185e-03
1.747149999999999814e-01 6.360847499999998204e-03 1.951769409999999996e-03
1.753940000000000221e-01 7.459984390000003011e-04 2.143568550000000180e-03
1.757340000000000291e-01 4.296080339999998614e-04 2.022025690000000056e-03
1.764130000000000142e-01 2.118568109999999921e-03 1.961718019999999802e-03
1.767519999999999925e-01 4.149004209999999568e-03 1.940933130000000069e-03
1.770919999999999994e-01 1.682628370000000071e-03 2.057694980000000090e-03
1.777710000000000123e-01 2.602300830000001119e-03 2.119729050000000118e-03
1.781109999999999915e-01 2.138644449999998944e-03 1.957730200000000042e-03
1.787899999999999767e-01 4.710959809999999714e-04 2.067331380000000159e-03
1.791290000000000104e-01 1.799517789999999706e-03 2.105891370000000182e-03
1.794689999999999619e-01 1.607551860000000173e-04 2.059093570000000012e-03
1.801480000000000026e-01 3.830900489999999599e-04 1.970927170000000110e-03
