2.970999999999998815e-03 3.727090239999999710e+01 6.960382749999999952e+00
3.141000000000000996e-03 3.837745170000000172e+01 4.913578389999999629e+00
3.311000000000000575e-03 4.956285419999998965e+01 3.609877899999999862e+00
3.481000000000000587e-03 4.496144389999999902e+01 2.820771099999999976e+00
3.650999999999999732e-03 3.558792110000000264e+01 2.213206000000000007e+00
3.820000000000001346e-03 3.731104340000000263e+01 2.043610090000000046e+00
3.990000000000001358e-03 3.337953060000000249e+01 1.784274270000000051e+00
4.160000000000000503e-03 3.580063459999999509e+01 1.717872960000000004e+00
4.330000000000001383e-03 3.412321410000000554e+01 1.650057169999999962e+00
4.498999999999999527e-03 3.404819509999999383e+01 1.585589120000000074e+00
4.668999999999997805e-03 2.949750610000000606e+01 1.455003959999999985e+00
4.839000000000002154e-03 2.773069110000000137e+01 1.384799239999999987e+00
5.009000000000003033e-03 2.940003730000000104e+01 1.372348949999999901e+00
5.178999999999999576e-03 2.883236309999999847e+01 1.345640509999999956e+00
5.347999999999998588e-03 2.917530369999999351e+01 1.311815849999999894e+00
5.518000000000000335e-03 2.647766160000000824e+01 1.249706849999999925e+00
5.688000000000000347e-03 2.487074359999999729e+01 1.165285329999999897e+00
5.858000000000001227e-03 2.508409969999999589e+01 1.157159239999999922e+00
6.027999999999998637e-03 2.581253880000000223e+01 1.161244820000000066e+00
6.197000000000001119e-03 2.626988130000000510e+01 1.138629960000000052e+00
6.367000000000001998e-03 2.305135399999999990e+01 1.047801779999999905e+00
6.536999999999999408e-03 2.178203089999999520e+01 1.003747259999999919e+00
6.707000000000002023e-03 2.324390740000000122e+01 1.025799729999999910e+00
6.877000000000001168e-03 2.238691840000000255e+01 9.926391449999999450e-01
7.045999999999998445e-03 2.052776410000000240e+01 9.491069109999999975e-01
7.216000000000001059e-03 2.110133079999999950e+01 9.577499379999999674e-01
7.386000000000001071e-03 1.863491780000000375e+01 8.755738819999999700e-01
7.556000000000001084e-03 1.872831370000000106e+01 8.669986069999999767e-01
7.726000000000001096e-03 1.766406749999999803e+01 8.407846180000000391e-01
7.895000000000002710e-03 1.727928420000000287e+01 8.012281329999999535e-01
8.064999999999999253e-03 1.779536840000000453e+01 8.183611800000000214e-01
8.235000000000002734e-03 1.590783819999999871e+01 7.576068950000000024e-01
8.404999999999997543e-03 1.704775369999999768e+01 7.832745359999999657e-01
8.574000000000000024e-03 1.531227559999999599e+01 7.261013870000000425e-01
8.743999999999996567e-03 1.485776310000000144e+01 7.051524540000000396e-01
8.913999999999996579e-03 1.479228999999999949e+01 7.087464399999999776e-01
9.083999999999996591e-03 1.382864119999999808e+01 6.661472539999999665e-01
9.254000000000001808e-03 1.351618120000000367e+01 6.737250080000000141e-01
9.422999999999995616e-03 1.254006680000000173e+01 6.309605299999999639e-01
9.593000000000002567e-03 1.381116389999999861e+01 6.496983339999999885e-01
9.762999999999997375e-03 1.263544090000000075e+01 6.309809250000000258e-01
9.933000000000006061e-03 1.203874579999999739e+01 5.981962429999999609e-01
1.010299999999999913e-02 1.166371629999999904e+01 5.816377619999999471e-01
1.035700000000000162e-02 1.229275820000000152e+01 1.390276239999999885e-01
1.069699999999999818e-02 1.127427610000000158e+01 1.260476249999999965e-01
1.103600000000000241e-02 1.079725250000000081e+01 1.233188080000000020e-01
1.137600000000000243e-02 1.004840430000000140e+01 1.177295059999999977e-01
1.171599999999999898e-02 9.677960490000000249e+00 1.127265949999999989e-01
1.205500000000000148e-02 9.022086330000000487e+00 1.091857019999999956e-01
1.239499999999999803e-02 8.442626499999999368e+00 1.009101679999999945e-01
1.273399999999999879e-02 8.200989529999999306e+00 1.005482000000000042e-01
1.307400000000000055e-02 7.596009400000000689e+00 9.542476710000000195e-02
1.341300000000000131e-02 7.159067599999999310e+00 9.064065910000000670e-02
1.375299999999999613e-02 6.797600459999999067e+00 8.776978650000000215e-02
1.409299999999999962e-02 6.388253849999999900e+00 8.254689739999999942e-02
1.443199999999999691e-02 6.182083239999998980e+00 8.296813100000000052e-02
1.477199999999999694e-02 5.897616919999999041e+00 7.844790999999999570e-02
1.511100000000000290e-02 5.445134040000001008e+00 7.501641239999999600e-02
1.545099999999999772e-02 5.311826500000000451e+00 7.249798729999999691e-02
1.579099999999999948e-02 5.132207919999999923e+00 7.114009820000000150e-02
1.613000000000000198e-02 4.817335649999999525e+00 6.907026450000000595e-02
1.646999999999999853e-02 4.451153080000000095e+00 6.428276519999999439e-02
1.680900000000000102e-02 4.280637070000000044e+00 6.277177520000000455e-02
1.714900000000000105e-02 4.080846300000000149e+00 6.112363600000000202e-02
1.748800000000000354e-02 3.946290209999999465e+00 5.908273859999999683e-02
1.782800000000000357e-02 3.690200330000000584e+00 5.723633029999999899e-02
1.816800000000000359e-02 3.450017059999999969e+00 5.380427869999999946e-02
1.850700000000000262e-02 3.332271260000000179e+00 5.315355320000000189e-02
1.884699999999999570e-02 3.223088789999999815e+00 5.175769399999999992e-02
1.918599999999999819e-02 2.981315889999999857e+00 4.942681859999999844e-02
1.952599999999999822e-02 2.899371260000000117e+00 4.791523140000000097e-02
1.986600000000000518e-02 2.686487130000000167e+00 4.571990539999999659e-02
2.020500000000000421e-02 2.577327920000000105e+00 4.519760650000000102e-02
2.054500000000000076e-02 2.428544029999999854e+00 4.281736349999999691e-02
2.088400000000000326e-02 2.332285370000000135e+00 4.273871370000000003e-02
2.122400000000000328e-02 2.153177289999999910e+00 4.002693920000000016e-02
2.156300000000000230e-02 1.984068849999999884e+00 3.831031659999999811e-02
2.190299999999999539e-02 1.916607399999999961e+00 3.781624869999999916e-02
2.224299999999999888e-02 1.803792810000000024e+00 3.563773650000000293e-02
2.258199999999999791e-02 1.624338220000000055e+00 3.468736249999999910e-02
2.292200000000000487e-02 1.591378970000000059e+00 3.321298200000000200e-02
2.326099999999999696e-02 1.426134390000000085e+00 3.224769100000000194e-02
2.360099999999999698e-02 1.373643280000000022e+00 3.068111650000000107e-02
2.394100000000000394e-02 1.293263360000000084e+00 2.945757070000000130e-02
2.427999999999999950e-02 1.171202300000000029e+00 2.877477859999999846e-02
2.461999999999999605e-02 1.080519599999999913e+00 2.686483339999999956e-02
2.495899999999999508e-02 1.028648009999999946e+00 2.650800970000000145e-02
2.529899999999999857e-02 9.704889330000000536e-01 2.549214910000000001e-02
2.563799999999999760e-02 8.034376079999999698e-01 2.331751170000000151e-02
2.597800000000000456e-02 7.651083119999999571e-01 2.299525809999999892e-02
2.631800000000000458e-02 7.306653309999999735e-01 2.157625349999999984e-02
2.665699999999999667e-02 6.347700360000000375e-01 2.086468359999999952e-02
2.699700000000000710e-02 5.878901079999999668e-01 1.977752699999999961e-02
2.733600000000000613e-02 5.319979219999999565e-01 1.902464259999999893e-02
2.767599999999999574e-02 4.656224239999999792e-01 1.808957890000000013e-02
2.801500000000000171e-02 4.398152719999999793e-01 1.715345320000000173e-02
2.835500000000000867e-02 3.542540009999999850e-01 1.600161420000000001e-02
2.869499999999999135e-02 3.479075320000000193e-01 1.553788920000000011e-02
2.903400000000000078e-02 2.997130759999999672e-01 1.466423539999999956e-02
2.937400000000000080e-02 2.689980949999999926e-01 1.395660789999999922e-02
2.971299999999999983e-02 2.476731759999999949e-01 1.365945489999999957e-02
3.005299999999999985e-02 2.122486540000000366e-01 1.315812599999999916e-02
3.039300000000000335e-02 1.876210700000000009e-01 1.216159099999999937e-02
3.073199999999999890e-02 1.737630779999999875e-01 1.210466150000000067e-02
3.107199999999999199e-02 1.623839159999999893e-01 1.186668199999999992e-02
3.141100000000000142e-02 1.429319850000000114e-01 1.131415480000000015e-02
3.175100000000000838e-02 1.141808309999999965e-01 1.090099280000000025e-02
3.209000000000000741e-02 1.069384110000000110e-01 1.006791859999999969e-02
3.243000000000000049e-02 8.007010039999999662e-02 1.008679569999999977e-02
3.277000000000000052e-02 1.088792100000000040e-01 9.861392179999999355e-03
3.310900000000000648e-02 7.663938640000000913e-02 9.529685419999999602e-03
3.344899999999999957e-02 7.073045050000001388e-02 9.526029490000000738e-03
3.378799999999999165e-02 8.026877619999998881e-02 9.106172250000000787e-03
3.412799999999999861e-02 6.158087769999999461e-02 9.383902510000000086e-03
3.446800000000000558e-02 7.662669719999998241e-02 8.791067779999999984e-03
3.480699999999999766e-02 5.768518630000001035e-02 9.616285980000000011e-03
3.514700000000000463e-02 6.824607869999999021e-02 9.751747110000000274e-03
3.548599999999999671e-02 6.448258410000000385e-02 9.452180439999999240e-03
3.582599999999998980e-02 6.620649189999999740e-02 1.006169560000000004e-02
3.616500000000000270e-02 6.464603830000001383e-02 9.429234579999999297e-03
3.650500000000000966e-02 8.444112059999998865e-02 9.826775080000000814e-03
3.684500000000000275e-02 6.431696080000000315e-02 9.951160520000000217e-03
3.718400000000000177e-02 6.299958910000000301e-02 9.950970030000000702e-03
3.752400000000000180e-02 7.175478740000000577e-02 9.977000749999999363e-03
3.786300000000000776e-02 7.812368039999999236e-02 9.909801270000000856e-03
3.820300000000000779e-02 8.171810219999998959e-02 1.000589510000000036e-02
3.854300000000000781e-02 6.787008009999999369e-02 9.381394629999999582e-03
3.888199999999999990e-02 1.012835879999999938e-01 1.020025999999999919e-02
3.922199999999999992e-02 9.094970559999998594e-02 1.026994040000000011e-02
3.956099999999999201e-02 6.683727570000000395e-02 9.978350440000000390e-03
3.990099999999999203e-02 8.492641039999998531e-02 9.857626410000000505e-03
4.023999999999999105e-02 8.314750629999997922e-02 1.003704300000000070e-02
4.057999999999999802e-02 7.681844079999999853e-02 1.021341079999999943e-02
4.091999999999999110e-02 8.535193329999998801e-02 1.015180610000000067e-02
4.125900000000000400e-02 7.779122130000001856e-02 1.005352510000000026e-02
4.159900000000000403e-02 9.393534770000000478e-02 1.016740780000000011e-02
4.193800000000000305e-02 8.338953069999999190e-02 9.873499009999999951e-03
4.227800000000000308e-02 7.078305250000001270e-02 1.004928509999999942e-02
4.261799999999999616e-02 9.493121660000000683e-02 1.002124719999999969e-02
4.295699999999999519e-02 1.033046890000000190e-01 1.020128170000000022e-02
4.329700000000000909e-02 1.006417049999999980e-01 1.049105240000000085e-02
4.363599999999999424e-02 1.024208939999999984e-01 1.030588389999999993e-02
4.397599999999999426e-02 8.868512119999996668e-02 9.971391289999999297e-03
4.431499999999999329e-02 8.645100430000000891e-02 9.716237699999999769e-03
4.465500000000000025e-02 8.738077759999998695e-02 1.016161990000000008e-02
4.499500000000000721e-02 7.829152420000000390e-02 1.013703959999999980e-02
4.533399999999999236e-02 8.618842600000001242e-02 9.643919690000000641e-03
4.567399999999999932e-02 7.510013579999998135e-02 9.734704829999999559e-03
4.601299999999999141e-02 8.966510690000001338e-02 9.821896479999999915e-03
4.635299999999999143e-02 7.933131740000000376e-02 9.583509420000000528e-03
4.669200000000000433e-02 6.090339789999999615e-02 8.912124290000000143e-03
4.703200000000000436e-02 9.332139130000000060e-02 9.614292769999999502e-03
4.737200000000000438e-02 6.459368520000000058e-02 9.174376459999999608e-03
4.771100000000001035e-02 6.997036030000000628e-02 8.747880859999999578e-03
4.805099999999998955e-02 6.528229889999997981e-02 8.848153900000000835e-03
4.839000000000000246e-02 5.715007899999999946e-02 8.438592380000000184e-03
4.873000000000000942e-02 6.225349859999998459e-02 8.440351270000000239e-03
4.907000000000000250e-02 6.076215370000000865e-02 8.002267329999999956e-03
4.940900000000000847e-02 6.263505480000000625e-02 7.741387899999999621e-03
4.974900000000000155e-02 5.175482990000001421e-02 7.803395940000000010e-03
5.008800000000001446e-02 4.193728519999999349e-02 7.283388299999999684e-03
5.042799999999999366e-02 5.796285419999998301e-02 7.618669919999999582e-03
5.076700000000000657e-02 4.938653009999999927e-02 7.366834889999999969e-03
5.110700000000000659e-02 3.862345500000000792e-02 7.317383230000000169e-03
5.144699999999999968e-02 5.108381350000001236e-02 7.170710620000000403e-03
5.178599999999998482e-02 3.374816620000000572e-02 6.975835350000000011e-03
5.212600000000000566e-02 4.007424190000000164e-02 6.862018559999999608e-03
5.246499999999999775e-02 4.579202420000000329e-02 6.517678160000000068e-03
5.280499999999999083e-02 3.491989789999999649e-02 6.486572470000000201e-03
5.314499999999998392e-02 3.429224989999999501e-02 6.522017409999999842e-03
5.348400000000000376e-02 1.945349029999999743e-02 6.167260919999999723e-03
5.382399999999998991e-02 2.004973989999999859e-02 6.389818749999999839e-03
5.416300000000000281e-02 3.139270740000000420e-02 6.105596119999999981e-03
5.450300000000001671e-02 2.623071760000000516e-02 6.020920620000000043e-03
5.484200000000000880e-02 2.894943950000000710e-02 6.378847749999999595e-03
5.518199999999999494e-02 2.373989690000000152e-02 5.649430839999999669e-03
5.552199999999998803e-02 3.094530310000000520e-02 6.318205720000000074e-03
5.586100000000000093e-02 1.855716030000000363e-02 5.501193589999999953e-03
5.620099999999999402e-02 2.210538099999999687e-02 5.619344309999999704e-03
5.653999999999999998e-02 2.136079239999999838e-02 5.848863850000000225e-03
5.688000000000000000e-02 1.782710059999999958e-02 5.380125490000000135e-03
5.722000000000000697e-02 1.459626989999999666e-02 5.278206780000000049e-03
5.755899999999999211e-02 1.759733910000000484e-02 5.360273060000000228e-03
5.789899999999999214e-02 1.247543929999999843e-02 5.158213210000000062e-03
5.823800000000000504e-02 1.923853349999999490e-02 5.439230130000000107e-03
5.857800000000001200e-02 1.744234960000000043e-02 5.284566190000000198e-03
5.891699999999998327e-02 2.139284219999999792e-02 5.232720009999999693e-03
5.925699999999998330e-02 1.477412179999999971e-02 5.217646880000000216e-03
5.959700000000001108e-02 5.488264940000000223e-03 5.336683479999999868e-03
5.993600000000000316e-02 8.427507189999997386e-03 5.004525949999999793e-03
6.027600000000001013e-02 1.018691820000000234e-02 4.709329100000000413e-03
6.061500000000000915e-02 5.382873880000000645e-03 5.189697339999999569e-03
6.095499999999999530e-02 2.365978310000000154e-02 5.028575779999999891e-03
6.129400000000000126e-02 1.975989490000000515e-02 4.896677010000000281e-03
6.163399999999999435e-02 1.660191590000000342e-02 4.786751019999999600e-03
6.197400000000001519e-02 1.691907450000000243e-02 4.913611899999999894e-03
6.231300000000000727e-02 1.583085130000000049e-02 4.628006209999999641e-03
6.265299999999998648e-02 2.178338010000000283e-02 4.830733939999999962e-03
6.299200000000002020e-02 1.218592070000000180e-02 4.758968040000000413e-03
6.333200000000001328e-02 2.472338250000000182e-02 4.814787259999999888e-03
6.367200000000000637e-02 1.184921670000000163e-02 4.604946189999999627e-03
6.401099999999998458e-02 1.662918169999999529e-02 4.415906750000000297e-03
6.435100000000000542e-02 2.379353229999999625e-02 4.574946269999999662e-03
6.469000000000001138e-02 1.604925530000000239e-02 4.520119690000000238e-03
6.502999999999999059e-02 2.160368810000000417e-02 4.439029659999999683e-03
6.536899999999999655e-02 2.180698819999999510e-02 4.280673569999999921e-03
6.570900000000000352e-02 1.686745460000000155e-02 4.357568499999999768e-03
6.604899999999998272e-02 1.511379490000000318e-02 4.348880109999999841e-03
6.638799999999998869e-02 1.424032929999999829e-02 4.107720920000000261e-03
6.672799999999999565e-02 2.246845089999999559e-02 4.206059720000000432e-03
6.706699999999998774e-02 1.416754419999999813e-02 4.070528490000000117e-03
6.740699999999999470e-02 1.055801039999999975e-02 4.337387019999999760e-03
6.774700000000000166e-02 1.632239159999999967e-02 4.218833140000000266e-03
6.808600000000000763e-02 1.837500370000000327e-02 4.132936999999999722e-03
6.842600000000000071e-02 1.793836299999999884e-02 4.074363020000000037e-03
6.876500000000000667e-02 1.091443530000000064e-02 3.980316850000000309e-03
6.910499999999998588e-02 1.982334909999999839e-02 4.181924479999999875e-03
6.944400000000000572e-02 1.533042769999999784e-02 4.231526279999999959e-03
6.978399999999998493e-02 8.371768149999998451e-03 4.063400669999999923e-03
7.012399999999999189e-02 1.422525550000000062e-02 3.758453320000000163e-03
7.046299999999999786e-02 1.420187319999999774e-02 3.846948690000000053e-03
7.080300000000001870e-02 1.545625789999999569e-02 3.825714229999999973e-03
7.114199999999999691e-02 1.320904940000000062e-02 3.562191409999999805e-03
7.148199999999998999e-02 1.464228059999999991e-02 3.672551440000000004e-03
7.182200000000001083e-02 1.204548009999999864e-02 3.598137349999999852e-03
7.216100000000000292e-02 7.668840400000003291e-03 3.767621589999999888e-03
7.250099999999998213e-02 1.613577839999999486e-02 3.642700599999999789e-03
7.283999999999998809e-02 1.045372909999999975e-02 3.312486070000000057e-03
7.317999999999999505e-02 1.057689989999999886e-02 3.480426589999999817e-03
7.351899999999998714e-02 1.163789970000000257e-02 3.418347689999999810e-03
7.385899999999998022e-02 8.162286680000001987e-03 3.337637669999999994e-03
7.419899999999998719e-02 1.268189620000000073e-02 3.354092329999999907e-03
7.453799999999999315e-02 6.435425440000000670e-03 3.333327770000000037e-03
7.487800000000001399e-02 1.626897260000000414e-02 3.274615319999999840e-03
7.521699999999999220e-02 1.036758129999999951e-02 3.405285190000000191e-03
7.555699999999998528e-02 1.117302240000000134e-02 3.380889089999999843e-03
7.589700000000002000e-02 2.445603329999999302e-03 3.239938940000000080e-03
7.623599999999998433e-02 1.233480389999999996e-02 3.048313259999999806e-03
7.657599999999999130e-02 7.303950870000001754e-03 3.257438909999999920e-03
7.691500000000001114e-02 1.114022400000000065e-02 3.374924840000000179e-03
7.725500000000001810e-02 6.792844830000002894e-03 2.961699050000000163e-03
7.759400000000001019e-02 6.809168000000003461e-03 3.179432050000000065e-03
7.793400000000000327e-02 1.051226240000000152e-02 3.114134059999999933e-03
7.827400000000001024e-02 9.749373770000001674e-03 3.070798899999999890e-03
7.861300000000001620e-02 1.524413319999999919e-02 3.169708979999999801e-03
7.895300000000000928e-02 8.373555389999997114e-03 3.076394999999999998e-03
7.929200000000001525e-02 8.926389769999999377e-03 3.057862049999999967e-03
7.963199999999999446e-02 6.601680559999997290e-03 3.078179280000000080e-03
7.997099999999998654e-02 6.575874590000000026e-03 2.816349630000000194e-03
8.031100000000000738e-02 7.536612099999999426e-03 2.919438219999999883e-03
8.065100000000000047e-02 3.655320660000001796e-03 2.854972649999999897e-03
8.099000000000000643e-02 7.238406170000001236e-03 2.551943560000000024e-03
8.166899999999999160e-02 6.019241850000001635e-03 2.968145130000000072e-03
8.200899999999998469e-02 9.998904560000004133e-03 2.811810049999999891e-03
8.234900000000001941e-02 5.153855749999999326e-03 2.982116480000000184e-03
8.268799999999998374e-02 1.068570580000000221e-02 2.733659270000000051e-03
8.302800000000001845e-02 6.578821640000000366e-03 2.710362889999999927e-03
8.336699999999999666e-02 4.921010290000000544e-03 2.692106179999999814e-03
8.370699999999998975e-02 5.668272329999998922e-03 2.778032890000000071e-03
8.404600000000000959e-02 8.909799560000000729e-03 2.812036620000000087e-03
8.438599999999998880e-02 1.065135159999999748e-02 2.720501360000000032e-03
8.472599999999999576e-02 1.079284219999999961e-02 2.693474249999999823e-03
8.506500000000001560e-02 6.446846010000000828e-03 2.741766179999999796e-03
8.540500000000000869e-02 6.597097550000002690e-03 2.558439699999999831e-03
8.574400000000001465e-02 3.782448569999999344e-03 2.664415729999999958e-03
8.608400000000000774e-02 7.967820279999999339e-03 2.802916490000000125e-03
8.642399999999998694e-02 7.535269139999998395e-03 2.731520680000000187e-03
8.676300000000002066e-02 6.549135890000000980e-03 2.595213240000000202e-03
8.710299999999999987e-02 7.701178040000002806e-03 2.600902049999999788e-03
8.744200000000001971e-02 9.195186570000001350e-03 2.715781750000000050e-03
8.778199999999999892e-02 1.949045100000000629e-03 2.486454740000000000e-03
8.812100000000001876e-02 9.686754730000001964e-03 2.586608910000000056e-03
8.846099999999999797e-02 8.238639280000001341e-03 2.547076029999999994e-03
8.880100000000000493e-02 1.224740709999999969e-02 2.503792769999999869e-03
8.914000000000001089e-02 9.213306160000003797e-03 2.608190490000000025e-03
8.948000000000001786e-02 6.223645249999999740e-03 2.662754600000000020e-03
8.981900000000000994e-02 2.607692189999998803e-03 2.486205909999999845e-03
9.015899999999998915e-02 4.582018250000000070e-03 2.507716350000000014e-03
9.049899999999998224e-02 4.799987359999998912e-03 2.631537749999999804e-03
9.083800000000001595e-02 8.495999820000000799e-03 2.390147569999999909e-03
9.117799999999999516e-02 6.519825340000001170e-03 2.521554190000000178e-03
9.151700000000000113e-02 3.660994060000000074e-03 2.527004299999999898e-03
9.185699999999998033e-02 5.450925240000001337e-03 2.371398979999999809e-03
9.219599999999998630e-02 3.643338870000001600e-03 2.373969779999999998e-03
9.253599999999997938e-02 4.163212309999998230e-03 2.099215780000000114e-03
9.287600000000000022e-02 2.675430630000000427e-03 2.422782430000000077e-03
9.321500000000000619e-02 1.611247859999999279e-03 2.261999059999999975e-03
9.355500000000001315e-02 7.986435549999996997e-03 2.356972460000000043e-03
9.389399999999999136e-02 1.070552380000000178e-02 2.445386810000000147e-03
9.423399999999999832e-02 7.741264160000004002e-03 2.389300449999999954e-03
9.457400000000000528e-02 5.256242540000000824e-03 2.469861670000000203e-03
9.491299999999998349e-02 6.458188860000000156e-03 2.306293990000000006e-03
9.525300000000000433e-02 1.697879340000000171e-03 2.390500289999999972e-03
9.559199999999998254e-02 8.353710000000000302e-03 2.434718480000000029e-03
9.593200000000001726e-02 5.005521069999998608e-03 2.298951730000000152e-03
9.627099999999999547e-02 5.178524519999999978e-03 2.267698179999999997e-03
9.661100000000000243e-02 2.800183349999999394e-03 2.341826860000000010e-03
9.695099999999998164e-02 3.106455609999999451e-03 2.117084090000000054e-03
9.728999999999997372e-02 4.949951109999998003e-03 2.192201700000000197e-03
9.762999999999996681e-02 4.684786500000002150e-03 2.251815409999999990e-03
9.796899999999998665e-02 2.579608020000000081e-03 2.190656870000000020e-03
9.830899999999997974e-02 3.161016430000000450e-03 2.250929899999999911e-03
9.864799999999999958e-02 6.414202169999999245e-03 2.299020069999999864e-03
9.898800000000000654e-02 2.519698260000000165e-03 2.241139679999999950e-03
9.932800000000001350e-02 4.146832990000001717e-03 2.164839830000000152e-03
9.966700000000000559e-02 1.861669199999999242e-03 2.251740089999999979e-03
1.000069999999999848e-01 3.092794080000000386e-03 2.367626319999999868e-03
1.003460000000000046e-01 4.381150870000002050e-03 2.093701470000000186e-03
1.006859999999999977e-01 4.767048919999999218e-03 2.056509819999999961e-03
1.010260000000000047e-01 3.247693449999998483e-03 2.173773050000000172e-03
1.013649999999999968e-01 7.305954930000000541e-03 2.262033729999999784e-03
1.017050000000000037e-01 6.757644200000002821e-03 2.233425499999999991e-03
1.020439999999999958e-01 7.469781430000000007e-04 2.125608599999999956e-03
1.023839999999999889e-01 4.586205000000002051e-03 2.088872549999999835e-03
1.027229999999999949e-01 2.813810999999998529e-03 2.039268040000000171e-03
1.030630000000000018e-01 3.059193530000001333e-03 2.067957510000000172e-03
1.034029999999999810e-01 1.033557589999999776e-02 1.977144149999999958e-03
1.037420000000000148e-01 4.279528289999999166e-03 2.154175869999999920e-03
1.040819999999999940e-01 6.629592220000000112e-03 2.192258119999999835e-03
1.044209999999999861e-01 8.209481510000001675e-03 2.109223360000000210e-03
1.047610000000000069e-01 3.573246249999999409e-03 2.070260290000000124e-03
1.051010000000000000e-01 1.522774289999999451e-03 2.224944239999999875e-03
1.054400000000000059e-01 1.562327100000000541e-04 2.221046979999999945e-03
1.061190000000000050e-01 6.307407919999998176e-03 2.158305430000000136e-03
1.064590000000000120e-01 1.062542819999999629e-03 2.113093119999999870e-03
1.067979999999999902e-01 4.585124739999998228e-03 2.035786329999999915e-03
1.074780000000000041e-01 1.984134819999999570e-03 2.145901710000000170e-03
1.081570000000000170e-01 2.733170750000000516e-03 2.077136780000000179e-03
1.084959999999999952e-01 3.203876280000000215e-03 2.088861369999999839e-03
1.088359999999999883e-01 6.280812760000001500e-04 2.145430260000000082e-03
1.091760000000000091e-01 3.048306009999999719e-03 1.903536479999999977e-03
1.098549999999999804e-01 4.411183289999999653e-03 1.981905730000000070e-03
1.101939999999999864e-01 5.827164669999999186e-03 2.161017790000000199e-03
1.105339999999999934e-01 4.369588610000000803e-03 2.057369869999999858e-03
1.108729999999999855e-01 2.474472610000000294e-03 2.001980850000000065e-03
1.112130000000000063e-01 4.529256360000000897e-03 1.942811370000000057e-03
1.115529999999999994e-01 4.877556899999998044e-03 1.845604280000000003e-03
1.118920000000000053e-01 2.486985660000000549e-03 1.999779640000000185e-03
1.122320000000000123e-01 3.885385659999999412e-03 2.138566399999999867e-03
1.125710000000000044e-01 5.851736379999998225e-03 2.034165829999999824e-03
1.129110000000000114e-01 5.300421959999998371e-03 2.089937650000000049e-03
1.132499999999999896e-01 1.782818210000000495e-03 2.073227630000000054e-03
1.135900000000000104e-01 2.238779199999998970e-03 2.064681200000000137e-03
1.142689999999999956e-01 3.156720019999999498e-03 2.003361679999999829e-03
1.146090000000000164e-01 4.148530439999998341e-03 2.006558590000000111e-03
1.149479999999999946e-01 3.750012459999999947e-03 1.965051519999999868e-03
1.152880000000000155e-01 3.344961850000001836e-03 1.941276380000000025e-03
1.156279999999999947e-01 2.387291629999999370e-03 1.907685539999999904e-03
1.159669999999999868e-01 6.105532199999999955e-04 1.883927889999999997e-03
1.163069999999999937e-01 4.848932430000001126e-03 1.949263400000000044e-03
1.166460000000000136e-01 2.480953970000001046e-03 1.952658379999999911e-03
1.169860000000000066e-01 7.056860059999996160e-03 1.950388639999999993e-03
1.176650000000000057e-01 4.700020229999997412e-03 1.868709899999999955e-03
1.180049999999999988e-01 1.600595610000000015e-04 1.972034579999999964e-03
1.183439999999999909e-01 2.900528040000000148e-03 2.104934760000000144e-03
1.190229999999999899e-01 1.464877380000000713e-03 1.900456040000000077e-03
1.193629999999999969e-01 4.144733260000001834e-03 2.118994290000000055e-03
1.200419999999999821e-01 3.984052339999998721e-03 1.850471189999999908e-03
1.203820000000000029e-01 3.301195270000000914e-03 2.007533880000000100e-03
1.207210000000000089e-01 9.416395800000001504e-04 2.072097939999999888e-03
1.210610000000000019e-01 3.533479289999999669e-03 2.015219480000000202e-03
1.213999999999999801e-01 5.503201440000000076e-03 1.825888410000000000e-03
1.217399999999999871e-01 7.990746270000003001e-04 1.877036570000000003e-03
1.220799999999999802e-01 2.381725419999998657e-03 1.866632260000000059e-03
1.224190000000000139e-01 2.127451070000000409e-03 1.897242070000000093e-03
1.227590000000000070e-01 2.747003270000000687e-03 1.876934440000000001e-03
1.230979999999999852e-01 2.718971780000000501e-03 1.858997860000000070e-03
1.234380000000000061e-01 9.464646699999999758e-04 1.897843869999999962e-03
1.237779999999999991e-01 3.414009090000000909e-03 1.839408650000000063e-03
1.241170000000000051e-01 1.615630739999999706e-03 1.873858130000000078e-03
1.247959999999999903e-01 8.564507449999998702e-04 1.884011120000000060e-03
1.251359999999999972e-01 5.646476199999999300e-03 1.814494120000000000e-03
1.254750000000000032e-01 3.731178070000001814e-03 1.801761210000000059e-03
1.258150000000000102e-01 3.554171740000000579e-03 1.768383269999999896e-03
1.261549999999999894e-01 6.088098720000001797e-04 1.940906249999999923e-03
1.264939999999999953e-01 3.111921129999998853e-04 1.844380220000000053e-03
1.268339999999999745e-01 4.199714950000001850e-04 1.784838260000000008e-03
1.271730000000000083e-01 1.027817229999999828e-03 1.831993220000000065e-03
1.278529999999999944e-01 1.419366490000000458e-03 1.851142469999999922e-03
1.281920000000000004e-01 3.812950520000000913e-04 1.806691910000000076e-03
1.285320000000000074e-01 5.515108959999997368e-04 1.815499439999999909e-03
1.288710000000000411e-01 4.561576049999999279e-03 1.842165200000000060e-03
1.295499999999999985e-01 6.656471209999998469e-04 1.809335229999999971e-03
1.298900000000000055e-01 1.015577390000000106e-03 1.743019520000000039e-03
1.302300000000000124e-01 8.219841190000000625e-04 1.785001019999999956e-03
1.305689999999999629e-01 2.717228030000000665e-03 1.897375410000000069e-03
1.309089999999999976e-01 1.637018480000000317e-03 1.629802870000000067e-03
1.312480000000000036e-01 1.217223939999999630e-03 1.732817850000000067e-03
1.319269999999999887e-01 3.813618709999999264e-07 1.744167470000000100e-03
1.322670000000000234e-01 1.889546870000000621e-03 1.775193570000000104e-03
1.326070000000000026e-01 2.718167980000000920e-03 1.593919519999999939e-03
1.329460000000000086e-01 5.335558950000001202e-04 1.783566469999999958e-03
1.332859999999999878e-01 1.563866809999999710e-03 1.840351100000000087e-03
1.336249999999999938e-01 4.948032579999999195e-03 1.788749089999999925e-03
1.339650000000000285e-01 2.375410470000000399e-03 1.768877099999999897e-03
1.343050000000000077e-01 4.619354090000001695e-04 1.723493200000000055e-03
1.346440000000000137e-01 1.910805640000000274e-03 1.774261870000000060e-03
1.356630000000000058e-01 1.523208739999999933e-03 1.806413009999999946e-03
1.360020000000000395e-01 2.377722489999998991e-03 1.768492700000000003e-03
1.363419999999999632e-01 1.852159240000000699e-03 1.779631280000000017e-03
1.366819999999999979e-01 1.287455790000000162e-03 1.738646209999999970e-03
1.370210000000000039e-01 2.170194280000000905e-03 1.808749350000000023e-03
1.373610000000000109e-01 3.124991769999999666e-03 1.725173950000000091e-03
1.376999999999999891e-01 2.947620490000000832e-03 1.782853189999999933e-03
1.383800000000000030e-01 1.763195299999999622e-03 1.707889669999999903e-03
1.390589999999999882e-01 1.454451169999999589e-03 1.679919520000000078e-03
1.393979999999999664e-01 3.030687079999998604e-03 1.660968650000000085e-03
1.397380000000000289e-01 1.932675700000000690e-03 1.775743509999999897e-03
1.400770000000000071e-01 1.186009750000000060e-03 1.762096519999999979e-03
1.404169999999999585e-01 2.742708380000000168e-03 1.826463300000000060e-03
1.407570000000000210e-01 3.148023749999998965e-03 1.762026029999999967e-03
1.414360000000000062e-01 2.825790020000000253e-03 1.760684920000000001e-03
1.417750000000000121e-01 1.406445329999999423e-03 1.839949260000000057e-03
1.421149999999999913e-01 4.138392939999999132e-03 1.960992480000000194e-03
1.424549999999999983e-01 6.559040609999996618e-04 1.801389669999999953e-03
1.427940000000000043e-01 2.186126140000000783e-03 1.934471230000000055e-03
1.431340000000000112e-01 1.497790410000000242e-03 1.839925050000000084e-03
1.434729999999999894e-01 3.301785969999999817e-03 1.757774579999999993e-03
1.444920000000000093e-01 2.011724709999999656e-03 1.881580130000000016e-03
1.448319999999999885e-01 2.070224590000000094e-03 1.871453770000000095e-03
1.451709999999999945e-01 3.216709799999998534e-04 1.725218470000000007e-03
1.455110000000000292e-01 2.215475749999999775e-03 1.945643630000000023e-03
1.458500000000000074e-01 3.073463819999999454e-04 1.800888069999999992e-03
1.465289999999999926e-01 1.478899849999999738e-03 1.863357300000000050e-03
1.468689999999999996e-01 7.313576830000000605e-04 1.902838790000000108e-03
1.472090000000000065e-01 9.977267000000002335e-04 1.796769329999999909e-03
1.475480000000000125e-01 8.492224739999995782e-04 1.769391630000000017e-03
1.478880000000000194e-01 1.197113879999999874e-04 2.002641319999999905e-03
1.482269999999999976e-01 1.004057629999999989e-04 1.857253770000000075e-03
1.485670000000000046e-01 1.755917709999999183e-03 1.843071439999999922e-03
1.489070000000000116e-01 1.497947999999999598e-03 1.914676390000000098e-03
1.495859999999999967e-01 1.598023960000000349e-03 1.835949940000000061e-03
1.502650000000000097e-01 7.389415459999998902e-04 1.808860939999999955e-03
1.506039999999999601e-01 4.321311579999998105e-03 1.847427449999999947e-03
1.512840000000000018e-01 2.674101780000000261e-03 1.868240420000000018e-03
1.516230000000000078e-01 1.483839619999999509e-03 1.832533340000000064e-03
1.519630000000000147e-01 6.387778420000000913e-04 1.819735779999999978e-03
1.523019999999999929e-01 1.410750269999999683e-03 1.810703579999999946e-03
1.533209999999999851e-01 8.092682569999996552e-04 1.787838630000000012e-03
1.539999999999999980e-01 3.185319819999999583e-03 1.949630419999999996e-03
1.543400000000000327e-01 2.101238780000000850e-03 2.075708180000000042e-03
1.553589999999999971e-01 2.270622650000000357e-03 2.049460429999999927e-03
1.556980000000000308e-01 3.244884439999998638e-03 1.932803039999999922e-03
1.560379999999999823e-01 1.921222370000000843e-04 1.774861250000000059e-03
1.563769999999999882e-01 2.120554020000000109e-03 1.977529219999999994e-03
1.567169999999999674e-01 8.707271709999996826e-05 1.785769929999999955e-03
1.570569999999999744e-01 2.570940330000001141e-04 1.773744029999999939e-03
1.577359999999999873e-01 2.574405259999999925e-03 1.892907230000000045e-03
1.590940000000000132e-01 3.287999269999999571e-03 1.844700330000000098e-03
1.601130000000000331e-01 2.237300519999999449e-03 2.001871740000000198e-03
1.604519999999999835e-01 1.203202279999999970e-03 1.777964489999999927e-03
1.611319999999999975e-01 4.445055050000001375e-03 1.857619719999999966e-03
1.614710000000000034e-01 1.860929329999999864e-03 1.958022790000000114e-03
1.618110000000000104e-01 1.035351870000000537e-03 2.007000230000000052e-03
1.621500000000000163e-01 2.170703659999999920e-03 1.852744639999999963e-03
1.624899999999999956e-01 2.923347800000000241e-04 1.922754760000000042e-03
1.628290000000000015e-01 5.047280309999999971e-03 1.955722029999999896e-03
1.638479999999999659e-01 1.235531829999999285e-03 1.791630059999999979e-03
1.641880000000000006e-01 2.204128749999998815e-04 1.875554790000000076e-03
1.645270000000000066e-01 6.767776979999999640e-04 1.968054309999999960e-03
1.648670000000000413e-01 2.467989240000000527e-04 1.842557220000000081e-03
1.652060000000000195e-01 4.332022849999998815e-04 1.966553550000000195e-03
1.655460000000000265e-01 2.674663240000000209e-03 1.945552359999999995e-03
1.658860000000000057e-01 3.127927070000000986e-03 1.872864209999999937e-03
1.669040000000000246e-01 6.438678070000001434e-04 1.849313750000000037e-03
1.672439999999999760e-01 3.799412180000001724e-03 2.043195829999999973e-03
1.675840000000000107e-01 9.142720149999997679e-04 1.871705669999999908e-03
1.679230000000000167e-01 1.233060670000000591e-04 2.011178790000000063e-03
1.686020000000000019e-01 2.246466840000000895e-03 2.024961789999999914e-03
1.696209999999999940e-01 9.518620750000000678e-04 1.691371880000000060e-03
1.699610000000000287e-01 6.845272869999999244e-04 1.836663749999999920e-03
1.703000000000000069e-01 1.742764450000000315e-03 1.859253989999999895e-03
1.706399999999999861e-01 1.289376700000000302e-03 2.061436800000000097e-03
1.709789999999999921e-01 1.171252719999999956e-03 1.717401180000000058e-03
1.713190000000000268e-01 6.910535059999998878e-04 1.914945699999999950e-03
1.719980000000000397e-01 1.915370269999999578e-03 1.910660470000000079e-03
1.730170000000000041e-01 2.096624499999998927e-03 1.820725050000000051e-03
1.743750000000000300e-01 2.922374080000001133e-03 1.892289570000000015e-03
1.747149999999999814e-01 3.497052520000001451e-03 1.739811690000000024e-03
1.750539999999999874e-01 1.012812729999999989e-03 2.059674960000000121e-03
1.757340000000000291e-01 3.336382300000000902e-04 1.945402549999999909e-03
1.760730000000000073e-01 1.095346929999999617e-03 1.912044730000000015e-03
1.764130000000000142e-01 3.007259380000000190e-03 1.922001260000000050e-03
1.767519999999999925e-01 5.016372799999998383e-03 1.894781130000000027e-03
1.770919999999999994e-01 1.498005890000000733e-03 1.972837280000000037e-03
1.781109999999999915e-01 3.604051640000001389e-03 1.941011139999999956e-03
1.784499999999999975e-01 1.930360940000000252e-03 1.995332060000000029e-03
1.787899999999999767e-01 1.014840730000000479e-03 2.014024069999999830e-03
1.798089999999999966e-01 3.041277310000000170e-04 1.917826459999999976e-03
1.801480000000000026e-01 2.315241630000000519e-03 1.976622400000000064e-03
1.804880000000000095e-01 9.563053949999995732e-04 1.877930920000000104e-03
1.811669999999999670e-01 2.093219179999999176e-03 1.983911389999999837e-03
1.815060000000000284e-01 2.003534129999999438e-03 2.002709630000000171e-03
1.818460000000000076e-01 1.898741690000000076e-04 1.947363209999999943e-03
1.821859999999999868e-01 1.773094190000000937e-04 1.742589120000000071e-03
