3.481000000000000587e-03 4.743790740000000739e+01 2.884661799999999943e+00
3.650999999999999732e-03 4.401134879999998617e+01 2.379665319999999973e+00
3.820000000000001346e-03 4.207283500000000487e+01 2.151519500000000029e+00
3.990000000000001358e-03 3.645288559999999478e+01 1.866944699999999902e+00
4.160000000000000503e-03 3.823775219999999564e+01 1.785921829999999932e+00
4.330000000000001383e-03 3.738597760000000392e+01 1.737109180000000030e+00
4.498999999999999527e-03 3.661908200000000591e+01 1.655625069999999921e+00
4.668999999999997805e-03 3.254343709999999135e+01 1.536557310000000065e+00
4.839000000000002154e-03 3.039537130000000076e+01 1.458076490000000058e+00
5.009000000000003033e-03 3.154034660000000656e+01 1.433433329999999950e+00
5.178999999999999576e-03 3.243492919999999913e+01 1.435482740000000090e+00
5.347999999999998588e-03 2.959533420000000703e+01 1.336305550000000064e+00
5.518000000000000335e-03 2.937898769999999260e+01 1.326354170000000110e+00
5.688000000000000347e-03 2.829235079999999769e+01 1.251334130000000044e+00
5.858000000000001227e-03 2.653750250000000221e+01 1.201289000000000051e+00
6.027999999999998637e-03 2.545613490000000212e+01 1.167920190000000025e+00
6.197000000000001119e-03 2.509083539999999601e+01 1.127949089999999988e+00
6.367000000000001998e-03 2.473509619999999742e+01 1.097453879999999993e+00
6.536999999999999408e-03 2.473483139999999736e+01 1.079546640000000002e+00
6.707000000000002023e-03 2.357931000000000310e+01 1.045553179999999971e+00
6.877000000000001168e-03 2.247289010000000431e+01 1.006685180000000068e+00
7.045999999999998445e-03 2.258014839999999523e+01 1.004484799999999955e+00
7.216000000000001059e-03 2.250152359999999874e+01 9.993373089999999515e-01
7.386000000000001071e-03 2.197066230000000076e+01 9.574492799999999582e-01
7.556000000000001084e-03 2.019965869999999697e+01 9.101284459999999799e-01
7.726000000000001096e-03 1.985215449999999748e+01 8.992461729999999820e-01
7.895000000000002710e-03 1.869157369999999929e+01 8.425456639999999719e-01
8.064999999999999253e-03 1.841270890000000193e+01 8.423119399999999812e-01
8.235000000000002734e-03 1.889901380000000231e+01 8.329220189999999580e-01
8.404999999999997543e-03 1.699110790000000293e+01 7.918119059999999543e-01
8.574000000000000024e-03 1.681620249999999928e+01 7.695604719999999954e-01
8.743999999999996567e-03 1.680755960000000471e+01 7.578356539999999697e-01
8.913999999999996579e-03 1.654031589999999952e+01 7.575870369999999632e-01
9.083999999999996591e-03 1.635259430000000336e+01 7.316739789999999743e-01
9.254000000000001808e-03 1.543687870000000295e+01 7.264090570000000247e-01
9.422999999999995616e-03 1.486687160000000318e+01 6.931981449999999878e-01
9.593000000000002567e-03 1.419330509999999812e+01 6.667699400000000054e-01
9.762999999999997375e-03 1.386097590000000324e+01 6.676925460000000534e-01
9.933000000000006061e-03 1.380456039999999795e+01 6.471935109999999991e-01
1.010299999999999913e-02 1.264732159999999972e+01 6.129576089999999589e-01
1.027200000000000162e-02 1.215863749999999754e+01 5.923784060000000240e-01
1.044200000000000163e-02 1.217920469999999789e+01 5.913553400000000071e-01
1.069699999999999818e-02 1.198097079999999792e+01 1.302573830000000044e-01
1.103600000000000241e-02 1.140280120000000075e+01 1.270583750000000012e-01
1.137600000000000243e-02 1.086154329999999746e+01 1.226931720000000031e-01
1.171599999999999898e-02 1.009689490000000234e+01 1.154766599999999949e-01
1.205500000000000148e-02 9.591946299999998260e+00 1.128825170000000017e-01
1.239499999999999803e-02 9.040592410000000356e+00 1.047161979999999964e-01
1.273399999999999879e-02 8.597460800000002124e+00 1.032444799999999996e-01
1.307400000000000055e-02 8.198025669999999820e+00 9.936342019999999664e-02
1.341300000000000131e-02 7.733916090000000132e+00 9.443582020000000632e-02
1.375299999999999613e-02 7.224953250000000438e+00 9.071867429999999621e-02
1.409299999999999962e-02 7.027898729999999539e+00 8.676370199999999810e-02
1.443199999999999691e-02 6.533147450000000411e+00 8.552342239999999318e-02
1.477199999999999694e-02 6.319902380000000264e+00 8.140292070000000602e-02
1.511100000000000290e-02 5.955612269999999597e+00 7.861013629999999419e-02
1.545099999999999772e-02 5.724635239999999570e+00 7.545516750000000328e-02
1.579099999999999948e-02 5.371336730000000337e+00 7.298466580000000092e-02
1.613000000000000198e-02 5.295908479999999585e+00 7.257052699999999579e-02
1.646999999999999853e-02 4.885949469999999017e+00 6.747500539999999603e-02
1.680900000000000102e-02 4.851223690000000310e+00 6.691867179999999582e-02
1.714900000000000105e-02 4.338433199999999879e+00 6.318705330000000397e-02
1.748800000000000354e-02 4.248044850000001205e+00 6.146000079999999754e-02
1.782800000000000357e-02 4.060292589999999535e+00 6.013249679999999736e-02
1.816800000000000359e-02 3.792152000000000189e+00 5.652855180000000007e-02
1.850700000000000262e-02 3.636826680000000422e+00 5.563583390000000073e-02
1.884699999999999570e-02 3.485426180000000151e+00 5.394056860000000231e-02
1.918599999999999819e-02 3.339563130000000601e+00 5.238530799999999849e-02
1.952599999999999822e-02 3.050792040000000149e+00 4.927675129999999765e-02
1.986600000000000518e-02 2.991456879999999874e+00 4.830992209999999953e-02
2.020500000000000421e-02 2.824496739999999839e+00 4.738394960000000267e-02
2.054500000000000076e-02 2.661364470000000093e+00 4.488480870000000067e-02
2.088400000000000326e-02 2.422026020000000113e+00 4.366147270000000219e-02
2.122400000000000328e-02 2.416062720000000219e+00 4.241591139999999899e-02
2.156300000000000230e-02 2.245057309999999973e+00 4.076025099999999735e-02
2.190299999999999539e-02 2.146681740000000005e+00 4.002235240000000249e-02
2.224299999999999888e-02 2.004794449999999895e+00 3.756634050000000336e-02
2.258199999999999791e-02 1.875915829999999840e+00 3.717870940000000263e-02
2.292200000000000487e-02 1.717183750000000009e+00 3.454198270000000126e-02
2.326099999999999696e-02 1.583526320000000043e+00 3.394402469999999866e-02
2.360099999999999698e-02 1.484711279999999967e+00 3.190971070000000326e-02
2.394100000000000394e-02 1.353239419999999971e+00 3.018007790000000121e-02
2.427999999999999950e-02 1.290721189999999963e+00 3.017581399999999872e-02
2.461999999999999605e-02 1.210251879999999947e+00 2.836744069999999965e-02
2.495899999999999508e-02 1.086430540000000056e+00 2.725691770000000097e-02
2.529899999999999857e-02 1.010579600000000022e+00 2.604625450000000106e-02
2.563799999999999760e-02 9.117885540000000288e-01 2.469990340000000062e-02
2.597800000000000456e-02 8.642288940000000252e-01 2.431704369999999893e-02
2.631800000000000458e-02 8.118581679999999912e-01 2.268471190000000137e-02
2.665699999999999667e-02 7.046348999999999529e-01 2.187734620000000157e-02
2.699700000000000710e-02 6.628260780000000407e-01 2.085243540000000090e-02
2.733600000000000613e-02 5.846748830000000341e-01 1.984294669999999913e-02
2.767599999999999574e-02 5.358164189999999882e-01 1.918678890000000137e-02
2.801500000000000171e-02 4.783739510000000195e-01 1.779298849999999890e-02
2.835500000000000867e-02 3.946990269999999801e-01 1.672122969999999959e-02
2.869499999999999135e-02 3.624321130000000002e-01 1.582831300000000010e-02
2.903400000000000078e-02 3.275145300000000259e-01 1.520010620000000062e-02
2.937400000000000080e-02 3.059155310000000183e-01 1.466552399999999923e-02
2.971299999999999983e-02 2.550791040000000010e-01 1.383492069999999949e-02
3.005299999999999985e-02 2.416402690000000186e-01 1.375951729999999942e-02
3.039300000000000335e-02 2.122708829999999658e-01 1.267910879999999997e-02
3.073199999999999890e-02 1.856597510000000117e-01 1.238225329999999985e-02
3.107199999999999199e-02 1.563917340000000322e-01 1.177821910000000083e-02
3.141100000000000142e-02 1.557955590000000001e-01 1.160949290000000064e-02
3.175100000000000838e-02 1.214241070000000033e-01 1.109059920000000053e-02
3.209000000000000741e-02 1.145116429999999824e-01 1.026521929999999957e-02
3.243000000000000049e-02 9.540195299999999767e-02 1.046915200000000067e-02
3.277000000000000052e-02 1.196508979999999916e-01 1.013275599999999971e-02
3.310900000000000648e-02 9.346013709999997920e-02 9.950088049999999962e-03
3.344899999999999957e-02 8.659577529999998302e-02 9.920331430000000131e-03
3.378799999999999165e-02 9.495966620000000080e-02 9.476723039999999237e-03
3.412799999999999861e-02 6.249502969999998908e-02 9.428560520000000417e-03
3.446800000000000558e-02 9.709020370000003008e-02 9.316198729999999179e-03
3.480699999999999766e-02 6.051095989999999425e-02 9.707157290000000688e-03
3.514700000000000463e-02 8.199413830000000514e-02 1.010033959999999918e-02
3.548599999999999671e-02 6.730138559999999937e-02 9.542183489999999865e-03
3.582599999999998980e-02 5.775373299999998766e-02 9.884137330000000721e-03
3.616500000000000270e-02 8.437267649999999342e-02 9.923041960000000133e-03
3.650500000000000966e-02 8.325801680000001481e-02 9.824442529999999688e-03
3.684500000000000275e-02 6.849158340000001399e-02 1.007147629999999988e-02
3.718400000000000177e-02 7.527831320000000215e-02 1.025808909999999935e-02
3.752400000000000180e-02 8.461673919999999904e-02 1.030145770000000065e-02
3.786300000000000776e-02 6.825782360000001714e-02 9.707505610000000118e-03
3.820300000000000779e-02 8.640290630000001249e-02 1.014007769999999975e-02
3.854300000000000781e-02 8.866882420000000986e-02 9.887009319999999143e-03
3.888199999999999990e-02 1.081913819999999887e-01 1.038474820000000014e-02
3.922199999999999992e-02 1.071097129999999953e-01 1.065783179999999983e-02
3.956099999999999201e-02 9.226028459999997822e-02 1.055639849999999956e-02
3.990099999999999203e-02 9.912192650000001271e-02 1.020706210000000072e-02
4.023999999999999105e-02 9.460722400000000365e-02 1.031529240000000035e-02
4.057999999999999802e-02 9.325907939999998619e-02 1.060208099999999931e-02
4.091999999999999110e-02 1.095800050000000081e-01 1.070512449999999963e-02
4.125900000000000400e-02 9.722037740000001593e-02 1.050086130000000076e-02
4.159900000000000403e-02 1.200996129999999801e-01 1.075355180000000035e-02
4.193800000000000305e-02 8.497163890000000719e-02 9.934320229999999904e-03
4.227800000000000308e-02 1.093575759999999980e-01 1.090691780000000062e-02
4.261799999999999616e-02 1.155106810000000178e-01 1.048395159999999937e-02
4.295699999999999519e-02 1.138724130000000195e-01 1.045342380000000015e-02
4.329700000000000909e-02 1.019914899999999902e-01 1.054703910000000071e-02
4.363599999999999424e-02 9.777030859999996659e-02 1.023381479999999934e-02
4.397599999999999426e-02 9.886361850000000007e-02 1.021878919999999989e-02
4.431499999999999329e-02 9.307149219999999445e-02 9.883875840000000412e-03
4.465500000000000025e-02 8.886210900000000856e-02 1.021958270000000030e-02
4.499500000000000721e-02 8.583198269999998964e-02 1.032335080000000051e-02
4.533399999999999236e-02 9.583255619999998809e-02 9.877785249999999906e-03
4.567399999999999932e-02 8.809610080000000731e-02 1.004292799999999958e-02
4.601299999999999141e-02 9.074284909999998094e-02 9.870122869999999396e-03
4.635299999999999143e-02 8.126326089999999502e-02 9.651843699999999165e-03
4.669200000000000433e-02 8.683091319999999835e-02 9.518416269999999818e-03
4.703200000000000436e-02 8.903116279999999383e-02 9.545915409999999532e-03
4.737200000000000438e-02 7.082754139999999921e-02 9.335195080000000672e-03
4.771100000000001035e-02 7.838193660000000729e-02 8.955125770000000804e-03
4.805099999999998955e-02 6.479639550000002024e-02 8.859125069999999533e-03
4.839000000000000246e-02 7.209949300000001449e-02 8.780309349999999499e-03
4.873000000000000942e-02 7.257332480000000530e-02 8.685662040000000084e-03
4.907000000000000250e-02 6.123720230000001541e-02 8.033468630000000291e-03
4.940900000000000847e-02 6.412197030000001130e-02 7.795438259999999848e-03
4.974900000000000155e-02 5.876788389999999113e-02 7.982915999999999623e-03
5.008800000000001446e-02 6.406206469999999042e-02 7.810811130000000317e-03
5.042799999999999366e-02 5.044163329999998974e-02 7.462158699999999791e-03
5.076700000000000657e-02 4.969205899999998982e-02 7.392051870000000170e-03
5.110700000000000659e-02 4.589588840000000808e-02 7.501916970000000427e-03
5.144699999999999968e-02 5.279064209999999313e-02 7.228330390000000001e-03
5.178599999999998482e-02 4.316124019999999228e-02 7.215914789999999801e-03
5.212600000000000566e-02 3.109433389999999645e-02 6.656217439999999839e-03
5.246499999999999775e-02 4.696418249999999989e-02 6.563280739999999974e-03
5.280499999999999083e-02 3.542375829999999670e-02 6.514435619999999968e-03
5.314499999999998392e-02 3.632475889999998986e-02 6.587728410000000256e-03
5.348400000000000376e-02 3.004095389999999685e-02 6.450082180000000359e-03
5.382399999999998991e-02 2.323225810000000696e-02 6.482315479999999595e-03
5.416300000000000281e-02 3.690363399999999766e-02 6.258854369999999716e-03
5.450300000000001671e-02 4.657609889999999447e-02 6.541438660000000078e-03
5.484200000000000880e-02 2.236718319999999455e-02 6.227630369999999881e-03
5.518199999999999494e-02 2.952121690000000104e-02 5.815056269999999659e-03
5.552199999999998803e-02 2.228483259999999508e-02 6.117840230000000205e-03
5.586100000000000093e-02 2.848902310000000007e-02 5.776425069999999683e-03
5.620099999999999402e-02 2.427891359999999679e-02 5.690357709999999819e-03
5.653999999999999998e-02 2.273074799999999507e-02 5.895971970000000312e-03
5.688000000000000000e-02 2.844939810000000555e-02 5.676869789999999631e-03
5.722000000000000697e-02 2.315004290000000770e-02 5.523626279999999979e-03
5.755899999999999211e-02 1.775485710000000023e-02 5.376205270000000008e-03
5.789899999999999214e-02 2.103922399999999873e-02 5.402145340000000066e-03
5.823800000000000504e-02 1.830246290000000359e-02 5.426546049999999774e-03
5.857800000000001200e-02 2.245702240000000197e-02 5.430882659999999688e-03
5.891699999999998327e-02 2.249463780000000163e-02 5.274391039999999642e-03
5.925699999999998330e-02 1.674757959999999962e-02 5.281560959999999881e-03
5.959700000000001108e-02 1.228836309999999966e-02 5.523417549999999621e-03
5.993600000000000316e-02 1.670550800000000086e-02 5.234978319999999963e-03
6.027600000000001013e-02 1.510412529999999830e-02 4.861954719999999654e-03
6.061500000000000915e-02 2.395352409999999127e-03 5.119717949999999865e-03
6.095499999999999530e-02 1.701003200000000479e-02 4.858996420000000031e-03
6.129400000000000126e-02 2.154520560000000584e-02 4.957331829999999870e-03
6.163399999999999435e-02 1.650698600000000474e-02 4.794645370000000413e-03
6.197400000000001519e-02 1.743105929999999928e-02 4.938425760000000192e-03
6.231300000000000727e-02 2.269245829999999922e-02 4.829093440000000424e-03
6.265299999999998648e-02 1.738364479999999698e-02 4.720766189999999612e-03
6.299200000000002020e-02 1.390633270000000109e-02 4.816515720000000104e-03
6.333200000000001328e-02 2.697593319999999628e-02 4.885916459999999593e-03
6.367200000000000637e-02 2.445230779999999632e-02 4.958498450000000356e-03
6.401099999999998458e-02 2.262677390000000441e-02 4.595185100000000362e-03
6.435100000000000542e-02 1.577380669999999679e-02 4.356770169999999581e-03
6.469000000000001138e-02 2.942771610000000440e-02 4.896364860000000305e-03
6.502999999999999059e-02 1.583928470000000102e-02 4.284055489999999931e-03
6.536899999999999655e-02 2.903232409999999611e-02 4.499600870000000294e-03
6.570900000000000352e-02 1.956628469999999870e-02 4.442919969999999628e-03
6.604899999999998272e-02 1.828465699999999930e-02 4.448168940000000321e-03
6.638799999999998869e-02 2.010353590000000037e-02 4.289517009999999596e-03
6.672799999999999565e-02 2.484112170000000314e-02 4.284427529999999991e-03
6.706699999999998774e-02 2.658369069999999904e-02 4.433688610000000030e-03
6.740699999999999470e-02 1.275346679999999830e-02 4.406973300000000329e-03
6.774700000000000166e-02 1.688746199999999892e-02 4.244743700000000279e-03
6.808600000000000763e-02 2.359522220000000517e-02 4.288269289999999644e-03
6.842600000000000071e-02 2.215095799999999837e-02 4.205734059999999795e-03
6.876500000000000667e-02 1.576580469999999679e-02 4.129873699999999856e-03
6.910499999999998588e-02 2.059661009999999570e-02 4.213445990000000071e-03
6.944400000000000572e-02 1.492514509999999690e-02 4.229584520000000299e-03
6.978399999999998493e-02 1.394362560000000223e-02 4.226307349999999796e-03
7.012399999999999189e-02 1.987188119999999669e-02 3.938817390000000015e-03
7.046299999999999786e-02 1.339812999999999768e-02 3.831616309999999991e-03
7.080300000000001870e-02 1.874459679999999906e-02 3.931954080000000205e-03
7.114199999999999691e-02 2.238766100000000314e-02 3.853758599999999868e-03
7.148199999999998999e-02 1.913224839999999941e-02 3.814777039999999939e-03
7.182200000000001083e-02 1.400542689999999951e-02 3.668162479999999802e-03
7.216100000000000292e-02 5.016365599999997663e-03 3.696334070000000058e-03
7.250099999999998213e-02 1.650515770000000187e-02 3.662536379999999873e-03
7.283999999999998809e-02 1.515680740000000318e-02 3.472830579999999952e-03
7.317999999999999505e-02 1.773850199999999974e-02 3.706750640000000020e-03
7.351899999999998714e-02 2.013650919999999955e-02 3.693153739999999879e-03
7.385899999999998022e-02 1.767939339999999651e-02 3.640812949999999888e-03
7.419899999999998719e-02 2.075197740000000318e-02 3.616100809999999929e-03
7.453799999999999315e-02 9.559208990000005179e-03 3.439117969999999809e-03
7.487800000000001399e-02 1.718746910000000169e-02 3.312705170000000178e-03
7.521699999999999220e-02 7.313642119999996458e-03 3.314660130000000003e-03
7.555699999999998528e-02 9.236692679999998490e-03 3.327187850000000186e-03
7.589700000000002000e-02 1.016811720000000176e-02 3.491254430000000075e-03
7.623599999999998433e-02 1.338327840000000206e-02 3.091381209999999845e-03
7.657599999999999130e-02 9.044165299999995175e-03 3.319750470000000075e-03
7.691500000000001114e-02 1.046993229999999830e-02 3.361511299999999855e-03
7.725500000000001810e-02 1.271281580000000258e-02 3.167030840000000045e-03
7.759400000000001019e-02 1.084577509999999981e-02 3.316447599999999916e-03
7.793400000000000327e-02 5.833459980000000461e-03 2.963378039999999859e-03
7.827400000000001024e-02 8.440138140000002717e-03 3.033579059999999984e-03
7.861300000000001620e-02 8.214392740000003162e-03 2.944322479999999902e-03
7.895300000000000928e-02 9.831611899999996920e-03 3.130560520000000204e-03
7.929200000000001525e-02 1.181442929999999836e-02 3.160083530000000213e-03
7.963199999999999446e-02 9.757358670000004092e-03 3.185384429999999888e-03
7.997099999999998654e-02 9.479621599999998177e-03 2.923921229999999847e-03
8.031100000000000738e-02 8.171971659999995724e-03 2.947247019999999981e-03
8.065100000000000047e-02 7.421183939999999313e-03 2.989278580000000012e-03
8.099000000000000643e-02 1.556902650000000117e-02 2.864596940000000216e-03
8.133000000000001339e-02 1.797043000000000772e-03 2.906782299999999784e-03
8.166899999999999160e-02 7.672133240000001894e-03 3.028799280000000170e-03
8.200899999999998469e-02 1.035103539999999989e-02 2.830370589999999832e-03
8.234900000000001941e-02 6.918095480000000658e-03 3.045243430000000012e-03
8.268799999999998374e-02 9.906875629999997365e-03 2.712533999999999952e-03
8.302800000000001845e-02 1.051701430000000215e-02 2.851507689999999932e-03
8.336699999999999666e-02 8.576076359999998747e-03 2.826127119999999847e-03
8.370699999999998975e-02 7.942516980000001448e-03 2.860148209999999885e-03
8.404600000000000959e-02 1.008864069999999835e-02 2.857980869999999975e-03
8.438599999999998880e-02 8.247533180000000616e-03 2.643422460000000203e-03
8.472599999999999576e-02 1.349606929999999996e-02 2.793475130000000039e-03
8.506500000000001560e-02 6.701269430000002768e-03 2.756386070000000146e-03
8.540500000000000869e-02 1.449035369999999989e-02 2.835316110000000046e-03
8.574400000000001465e-02 4.000140559999998749e-03 2.677382390000000029e-03
8.608400000000000774e-02 7.025118639999996910e-03 2.777921220000000024e-03
8.642399999999998694e-02 1.103572520000000237e-02 2.853906309999999866e-03
8.676300000000002066e-02 7.942866100000001151e-03 2.649751389999999845e-03
8.710299999999999987e-02 9.193503100000001774e-03 2.658160289999999832e-03
8.744200000000001971e-02 9.591672760000001172e-03 2.735203070000000007e-03
8.778199999999999892e-02 6.413443389999997149e-03 2.648596919999999817e-03
8.812100000000001876e-02 1.132434010000000005e-02 2.649669539999999907e-03
8.846099999999999797e-02 1.318942569999999835e-02 2.719661339999999896e-03
8.880100000000000493e-02 1.104401160000000048e-02 2.466564660000000048e-03
8.914000000000001089e-02 9.367051310000002601e-03 2.619396779999999883e-03
8.948000000000001786e-02 6.427574999999998741e-03 2.675186559999999901e-03
8.981900000000000994e-02 5.659087990000000526e-03 2.598591170000000110e-03
9.015899999999998915e-02 4.698330279999999443e-03 2.516928439999999850e-03
9.049899999999998224e-02 5.281276469999998668e-03 2.653063150000000044e-03
9.083800000000001595e-02 1.448570050000000213e-02 2.604803389999999896e-03
9.117799999999999516e-02 6.626707540000002956e-03 2.530733600000000059e-03
9.151700000000000113e-02 3.282149719999998688e-03 2.519144520000000161e-03
9.185699999999998033e-02 8.559938459999996002e-03 2.486317489999999818e-03
9.219599999999998630e-02 8.003956519999999228e-03 2.534253199999999834e-03
9.253599999999997938e-02 8.887808130000002596e-03 2.286110950000000159e-03
9.287600000000000022e-02 5.048971259999997414e-03 2.510404490000000145e-03
9.321500000000000619e-02 7.186862709999998489e-03 2.465591579999999901e-03
9.355500000000001315e-02 7.063579759999996481e-03 2.329178480000000141e-03
9.389399999999999136e-02 3.285768299999998910e-03 2.175118179999999905e-03
9.423399999999999832e-02 9.565268619999997557e-03 2.456796890000000153e-03
9.457400000000000528e-02 4.851094440000001083e-03 2.461302399999999984e-03
9.491299999999998349e-02 9.042660480000005996e-03 2.403427020000000001e-03
9.525300000000000433e-02 2.095122740000000122e-03 2.408759439999999877e-03
9.559199999999998254e-02 5.428208730000001758e-03 2.337548889999999970e-03
9.593200000000001726e-02 7.128771100000002095e-03 2.377534660000000123e-03
9.627099999999999547e-02 5.449045940000001031e-03 2.282435089999999833e-03
9.661100000000000243e-02 1.320393260000000046e-03 2.294430230000000029e-03
9.695099999999998164e-02 6.078772449999997850e-03 2.232668310000000215e-03
9.728999999999997372e-02 1.064213550000000022e-02 2.399454569999999974e-03
9.762999999999996681e-02 5.562093239999997898e-03 2.287568240000000148e-03
9.796899999999998665e-02 6.502768630000000001e-03 2.336782410000000018e-03
9.830899999999997974e-02 2.116303319999999523e-03 2.218095299999999891e-03
9.864799999999999958e-02 6.939954110000003812e-03 2.322131690000000127e-03
9.898800000000000654e-02 6.222226330000000388e-03 2.374904230000000113e-03
9.932800000000001350e-02 9.610264250000005379e-03 2.359654479999999908e-03
9.966700000000000559e-02 3.746925930000000095e-03 2.322336730000000050e-03
1.000069999999999848e-01 5.552336750000000203e-03 2.451650530000000147e-03
1.003460000000000046e-01 5.182791589999999338e-03 2.128117189999999791e-03
1.006859999999999977e-01 9.569784120000002572e-03 2.237224400000000033e-03
1.010260000000000047e-01 5.387589640000002567e-03 2.253469949999999805e-03
1.013649999999999968e-01 6.483870950000002360e-03 2.238583550000000123e-03
1.017050000000000037e-01 5.831712700000001720e-03 2.206458169999999872e-03
1.020439999999999958e-01 2.576784060000000560e-03 2.195774819999999922e-03
1.023839999999999889e-01 6.405963579999997444e-03 2.158775290000000072e-03
1.027229999999999949e-01 7.430244179999999192e-03 2.210978790000000041e-03
1.030630000000000018e-01 5.661762460000002370e-03 2.165568399999999796e-03
1.034029999999999810e-01 1.063310529999999914e-02 1.993644609999999876e-03
1.037420000000000148e-01 4.260462620000000575e-03 2.158022519999999982e-03
1.040819999999999940e-01 7.542339649999999472e-03 2.228065830000000146e-03
1.044209999999999861e-01 9.445566600000003532e-03 2.158066570000000042e-03
1.047610000000000069e-01 6.907542589999997665e-03 2.192237139999999966e-03
1.051010000000000000e-01 2.587990419999999705e-03 2.264644399999999821e-03
1.054400000000000059e-01 1.289954820000000033e-03 2.263216470000000043e-03
1.057799999999999851e-01 7.053067770000000930e-04 2.180761340000000187e-03
1.061190000000000050e-01 4.745777699999999440e-03 2.107969209999999930e-03
1.064590000000000120e-01 5.555058429999997285e-03 2.267832909999999841e-03
1.067979999999999902e-01 7.800353549999999858e-03 2.153072719999999957e-03
1.071379999999999971e-01 2.161543580000000429e-03 2.177417080000000182e-03
1.074780000000000041e-01 4.191333709999998242e-03 2.223259119999999953e-03
1.078169999999999962e-01 3.771959430000000526e-03 2.176163689999999901e-03
1.081570000000000170e-01 6.485477790000001089e-03 2.206240740000000016e-03
1.084959999999999952e-01 8.009205030000002626e-03 2.254946009999999820e-03
1.088359999999999883e-01 1.747983110000000256e-03 2.186826010000000181e-03
1.091760000000000091e-01 6.041999149999997820e-03 2.016599869999999989e-03
1.095150000000000151e-01 1.803850470000000579e-03 2.177823629999999823e-03
1.098549999999999804e-01 5.523807090000000010e-03 2.025232179999999788e-03
1.101939999999999864e-01 3.050926229999998893e-03 2.071198160000000017e-03
1.105339999999999934e-01 3.844549609999998487e-03 2.043481020000000124e-03
1.108729999999999855e-01 5.659226579999997522e-03 2.114925279999999887e-03
1.112130000000000063e-01 9.863521539999994467e-03 2.132005910000000018e-03
1.115529999999999994e-01 9.651745400000003375e-03 2.020726550000000003e-03
1.118920000000000053e-01 5.602555539999999092e-03 2.112077779999999884e-03
1.122320000000000123e-01 5.570863979999997502e-03 2.197111439999999832e-03
1.125710000000000044e-01 2.772430680000001393e-03 1.930372540000000088e-03
1.129110000000000114e-01 2.934320389999999119e-03 2.014382730000000010e-03
1.132499999999999896e-01 2.181473469999999602e-03 2.090362489999999900e-03
1.135900000000000104e-01 4.295946540000000584e-03 2.137254659999999855e-03
1.139300000000000035e-01 3.958039019999999054e-03 2.167863830000000061e-03
1.142689999999999956e-01 2.499805070000001364e-03 1.984770549999999821e-03
1.146090000000000164e-01 5.366884570000002644e-03 2.052093110000000054e-03
1.149479999999999946e-01 3.567703350000001831e-03 1.962818790000000167e-03
1.152880000000000155e-01 3.271103049999998531e-03 1.942686199999999960e-03
1.156279999999999947e-01 5.995482859999997326e-03 2.034403049999999966e-03
1.159669999999999868e-01 6.502359819999999416e-03 2.088473769999999938e-03
1.163069999999999937e-01 3.549270470000001794e-03 1.907905099999999922e-03
1.166460000000000136e-01 2.595938229999999840e-03 1.960504010000000026e-03
1.169860000000000066e-01 4.262612510000000389e-03 1.856340049999999960e-03
1.173249999999999849e-01 2.524756699999999333e-03 2.136144589999999788e-03
1.176650000000000057e-01 5.398818459999996967e-03 1.897674399999999938e-03
1.180049999999999988e-01 1.281033429999999581e-03 2.012957130000000028e-03
1.186839999999999978e-01 1.959798899999999015e-03 2.106213669999999934e-03
1.190229999999999899e-01 3.815117969999999407e-03 1.984145740000000172e-03
1.193629999999999969e-01 7.292373580000000987e-05 1.993412920000000189e-03
1.197030000000000038e-01 1.835632420000000943e-03 2.045640010000000005e-03
1.200419999999999821e-01 6.831972080000002674e-03 1.951741170000000081e-03
1.203820000000000029e-01 2.812014209999998560e-03 1.995849599999999831e-03
1.207210000000000089e-01 2.206335250000000109e-03 2.115647369999999836e-03
1.210610000000000019e-01 1.145936809999999759e-03 1.941420869999999901e-03
1.213999999999999801e-01 5.079622409999999012e-03 1.815095880000000030e-03
1.217399999999999871e-01 1.822302549999999573e-03 1.915695949999999918e-03
1.220799999999999802e-01 5.412830970000000012e-03 1.970163320000000058e-03
1.224190000000000139e-01 2.224297820000000706e-03 1.904269870000000094e-03
1.227590000000000070e-01 2.954018209999999690e-03 1.887743400000000023e-03
1.230979999999999852e-01 3.609869769999999017e-03 1.892590549999999955e-03
1.237779999999999991e-01 3.000748199999998898e-03 1.829127779999999972e-03
1.241170000000000051e-01 8.615109360000001732e-04 1.851842999999999935e-03
1.244570000000000121e-01 3.073225880000000996e-03 1.920974790000000085e-03
1.247959999999999903e-01 4.002304469999998053e-03 1.989940610000000103e-03
1.251359999999999972e-01 5.228205399999998927e-03 1.804019750000000061e-03
1.254750000000000032e-01 3.746370829999998587e-03 1.806058120000000097e-03
1.258150000000000102e-01 3.980438780000001425e-03 1.787090479999999893e-03
1.264939999999999953e-01 1.813023030000000943e-03 1.897563539999999908e-03
1.268339999999999745e-01 1.787051310000000283e-03 1.835115019999999930e-03
1.271730000000000083e-01 3.582620880000000722e-03 1.917977049999999980e-03
1.275129999999999875e-01 3.555912169999998068e-03 2.014231779999999927e-03
1.278529999999999944e-01 2.029452849999999805e-03 1.874685409999999946e-03
1.281920000000000004e-01 3.511081300000001501e-03 1.911972050000000081e-03
1.285320000000000074e-01 2.106286109999999309e-03 1.869937240000000027e-03
1.288710000000000411e-01 1.930486210000000383e-03 1.757140269999999923e-03
1.292109999999999925e-01 2.053317740000000762e-03 1.843987970000000084e-03
1.295499999999999985e-01 2.912746079999999158e-03 1.885468890000000083e-03
1.298900000000000055e-01 4.462415450000001629e-03 1.860925690000000098e-03
1.302300000000000124e-01 2.687116830000001264e-03 1.849384859999999957e-03
1.305689999999999629e-01 3.418708000000000337e-03 1.923325239999999943e-03
1.309089999999999976e-01 3.162979680000001410e-03 1.687720779999999894e-03
1.312480000000000036e-01 4.133103959999998717e-03 1.833037179999999966e-03
1.315879999999999828e-01 1.080526189999999947e-03 1.883092629999999924e-03
1.319269999999999887e-01 3.763959669999999806e-03 1.870475230000000081e-03
1.322670000000000234e-01 1.755608360000000161e-03 1.774209259999999944e-03
1.326070000000000026e-01 6.513770779999998074e-03 1.729924639999999916e-03
1.329460000000000086e-01 1.670530650000000153e-03 1.823975769999999991e-03
1.332859999999999878e-01 5.371372609999997471e-04 1.810955690000000005e-03
1.336249999999999938e-01 4.093894659999998062e-03 1.764750440000000019e-03
1.339650000000000285e-01 4.815013589999998442e-03 1.851520879999999898e-03
1.343050000000000077e-01 2.880929890000000519e-04 1.720964699999999979e-03
1.346440000000000137e-01 3.483719120000000093e-03 1.828658020000000070e-03
1.349839999999999929e-01 3.096576749999999253e-04 1.849407190000000069e-03
1.353229999999999988e-01 9.049324790000004733e-04 1.773951740000000036e-03
1.356630000000000058e-01 2.424071589999999242e-03 1.839278840000000076e-03
1.360020000000000395e-01 2.110573469999999126e-03 1.763110970000000052e-03
1.366819999999999979e-01 4.161676750000000910e-03 1.837800060000000088e-03
1.370210000000000039e-01 3.178567870000001058e-03 1.845598599999999931e-03
1.373610000000000109e-01 2.922550990000000268e-03 1.721654790000000075e-03
1.376999999999999891e-01 2.253600829999999420e-03 1.763034099999999946e-03
1.383800000000000030e-01 1.591118819999999632e-03 1.705218610000000046e-03
1.387190000000000367e-01 7.480364910000000898e-04 1.844424610000000055e-03
1.390589999999999882e-01 5.696912479999999106e-03 1.831474820000000012e-03
1.393979999999999664e-01 4.023804440000000593e-03 1.700016520000000031e-03
1.397380000000000289e-01 3.715162759999998416e-03 1.840767710000000080e-03
1.400770000000000071e-01 2.480813819999999875e-03 1.810396469999999997e-03
1.404169999999999585e-01 3.588542200000001490e-03 1.859319620000000027e-03
1.407570000000000210e-01 1.644656229999999931e-03 1.710800090000000025e-03
1.410959999999999992e-01 2.166406919999999420e-03 1.937062380000000028e-03
1.414360000000000062e-01 4.859955610000001903e-03 1.836262740000000043e-03
1.417750000000000121e-01 2.760269040000000364e-03 1.890353700000000020e-03
1.421149999999999913e-01 2.473012200000000629e-03 1.909019660000000045e-03
1.424549999999999983e-01 2.785394269999999419e-03 1.878888750000000038e-03
1.427940000000000043e-01 1.806967110000000680e-03 1.925448460000000073e-03
1.431340000000000112e-01 3.788389650000001819e-03 1.923067880000000045e-03
1.434729999999999894e-01 2.360274979999998999e-03 1.725972270000000102e-03
1.438130000000000241e-01 4.648067380000001493e-04 1.931459420000000010e-03
1.441520000000000024e-01 9.985355960000000513e-04 1.822386160000000069e-03
1.444920000000000093e-01 2.640163359999999921e-03 1.907454970000000078e-03
1.448319999999999885e-01 1.666207310000000124e-03 1.860787389999999991e-03
1.451709999999999945e-01 3.702427460000001086e-03 1.854662869999999970e-03
1.455110000000000292e-01 1.604235590000000758e-03 1.928245440000000066e-03
1.458500000000000074e-01 5.083986710000000173e-03 1.972866429999999786e-03
1.465289999999999926e-01 1.824114680000000046e-03 1.879217060000000061e-03
1.468689999999999996e-01 7.856429749999997063e-04 1.908368209999999942e-03
1.472090000000000065e-01 2.403315749999999223e-03 1.852166219999999914e-03
1.475480000000000125e-01 3.869739699999998148e-03 1.885927259999999961e-03
1.485670000000000046e-01 1.789517739999999229e-03 1.847955789999999963e-03
1.489070000000000116e-01 3.218209340000001330e-03 1.978895899999999920e-03
1.492459999999999898e-01 9.577121040000001213e-04 1.954592519999999879e-03
1.495859999999999967e-01 1.583850880000000098e-03 1.839005730000000012e-03
1.502650000000000097e-01 2.636636630000000880e-03 1.885400059999999944e-03
1.506039999999999601e-01 8.334297839999995836e-03 1.995564259999999847e-03
1.509439999999999948e-01 7.983669619999995233e-04 2.001390879999999980e-03
1.512840000000000018e-01 3.153418020000000634e-03 1.889913540000000020e-03
1.516230000000000078e-01 2.576339290000000549e-03 1.877021810000000001e-03
1.519630000000000147e-01 2.336716380000000617e-03 1.888902420000000085e-03
1.523019999999999929e-01 2.496830480000000914e-03 1.855468189999999983e-03
1.526419999999999999e-01 1.275079379999999492e-03 1.900554609999999993e-03
1.529820000000000346e-01 3.315894029999998799e-03 1.996640650000000052e-03
1.533209999999999851e-01 2.820871300000000071e-03 1.869685060000000031e-03
1.539999999999999980e-01 4.447595070000000088e-03 1.998844779999999974e-03
1.546790000000000109e-01 9.053042980000003317e-04 1.908876450000000042e-03
1.550189999999999901e-01 1.664054080000000428e-03 1.997265629999999889e-03
1.553589999999999971e-01 5.011745409999998537e-04 1.990659899999999965e-03
1.556980000000000308e-01 3.031428840000000187e-03 1.928925389999999913e-03
1.560379999999999823e-01 1.169594600000000133e-03 1.817926189999999982e-03
1.563769999999999882e-01 1.930665409999999691e-03 1.974597539999999821e-03
1.567169999999999674e-01 2.927017800000000346e-03 1.901000660000000094e-03
1.570569999999999744e-01 1.642089959999999639e-03 1.831994769999999943e-03
1.573959999999999804e-01 4.777028749999999609e-03 2.073517380000000198e-03
1.577359999999999873e-01 2.628990860000000786e-03 1.898842669999999903e-03
1.580750000000000210e-01 1.693581780000000562e-03 1.928001859999999967e-03
1.584149999999999725e-01 2.743023799999999221e-03 1.936115250000000057e-03
1.587540000000000062e-01 9.082547629999999277e-04 1.958330879999999833e-03
1.590940000000000132e-01 4.722316630000002527e-03 1.904957099999999908e-03
1.594339999999999924e-01 2.994048169999998909e-03 1.972042169999999994e-03
1.597729999999999984e-01 6.092299970000000049e-04 2.066627550000000105e-03
1.601130000000000331e-01 4.398842679999999915e-03 2.084404519999999861e-03
1.604519999999999835e-01 4.480598769999999224e-03 1.910028609999999977e-03
1.611319999999999975e-01 3.536867720000000988e-03 1.825669170000000004e-03
1.614710000000000034e-01 1.132652170000000022e-03 1.934366479999999897e-03
1.618110000000000104e-01 1.779765400000000129e-03 2.038222680000000009e-03
1.621500000000000163e-01 2.890612690000000581e-03 1.884370420000000068e-03
1.624899999999999956e-01 7.955131949999998424e-04 1.945863560000000081e-03
1.628290000000000015e-01 4.542296499999997923e-04 1.781029279999999911e-03
1.631690000000000362e-01 2.688625870000000469e-03 1.947505939999999913e-03
1.635089999999999877e-01 1.452626409999999276e-03 2.127370500000000126e-03
1.638479999999999659e-01 4.482856610000001372e-03 1.923098249999999907e-03
1.641880000000000006e-01 3.808349229999998149e-04 1.885466720000000080e-03
1.645270000000000066e-01 1.516484699999999823e-03 2.002717309999999841e-03
1.648670000000000413e-01 3.756096829999999720e-03 1.984017590000000057e-03
1.652060000000000195e-01 3.814637529999998812e-04 1.968268009999999974e-03
1.655460000000000265e-01 1.165035789999999474e-03 1.890815170000000088e-03
1.658860000000000057e-01 3.715954379999998961e-03 1.900319309999999986e-03
1.662250000000000116e-01 4.623793889999999762e-04 2.024403399999999843e-03
1.669040000000000246e-01 2.936212730000000663e-03 1.942082450000000076e-03
1.672439999999999760e-01 1.327810069999999301e-03 1.953743930000000160e-03
1.675840000000000107e-01 2.529507470000000140e-03 1.939010520000000000e-03
1.686020000000000019e-01 2.679813970000000968e-03 2.044884619999999976e-03
1.692810000000000148e-01 1.248733719999999643e-03 2.006682589999999895e-03
