2.631999999999999357e-03 1.076761989999999514e+03 2.002385800000000060e+01
2.801999999999999370e-03 9.465203130000003284e+02 1.505296300000000009e+01
2.970999999999998815e-03 7.831835480000003145e+02 1.158110970000000073e+01
3.141000000000000996e-03 6.690979410000002190e+02 9.763011710000000676e+00
3.311000000000000575e-03 6.219233169999998836e+02 8.425392119999999707e+00
3.481000000000000587e-03 5.135900110000002314e+02 7.406467690000000381e+00
3.650999999999999732e-03 4.662336609999999837e+02 6.638725359999999576e+00
3.820000000000001346e-03 4.124348560000000816e+02 6.095058820000000210e+00
3.990000000000001358e-03 3.886935029999999074e+02 5.805860980000000282e+00
4.160000000000000503e-03 3.573669249999998669e+02 5.356577579999999728e+00
4.330000000000001383e-03 3.093969479999998953e+02 5.007530560000000186e+00
4.498999999999999527e-03 2.938030649999998900e+02 4.689912020000000403e+00
4.668999999999997805e-03 2.706975830000000656e+02 4.445499400000000101e+00
4.839000000000002154e-03 2.545219650000001081e+02 4.226173329999999950e+00
5.009000000000003033e-03 2.328119560000000376e+02 3.960246380000000066e+00
5.178999999999999576e-03 2.170970170000000223e+02 3.776931020000000139e+00
5.347999999999998588e-03 1.978206239999999809e+02 3.521841760000000043e+00
5.518000000000000335e-03 1.883722749999999166e+02 3.442935020000000179e+00
5.688000000000000347e-03 1.793907570000000646e+02 3.238629210000000036e+00
5.858000000000001227e-03 1.654696660000000463e+02 3.058947299999999814e+00
6.027999999999998637e-03 1.625440950000000839e+02 3.039228699999999783e+00
6.197000000000001119e-03 1.521392889999999909e+02 2.884563979999999805e+00
6.367000000000001998e-03 1.489144650000000070e+02 2.818806959999999862e+00
6.536999999999999408e-03 1.375713349999999480e+02 2.655764790000000097e+00
6.707000000000002023e-03 1.289984240000000000e+02 2.542562629999999935e+00
6.877000000000001168e-03 1.322353879999999720e+02 2.529771649999999816e+00
7.045999999999998445e-03 1.208071040000000380e+02 2.405818130000000110e+00
7.216000000000001059e-03 1.209444100000000191e+02 2.405614799999999942e+00
7.386000000000001071e-03 1.122373650000000538e+02 2.246330899999999797e+00
7.556000000000001084e-03 1.084251639999999384e+02 2.203758570000000194e+00
7.726000000000001096e-03 1.048666929999999837e+02 2.147326549999999834e+00
7.895000000000002710e-03 9.886402690000001314e+01 2.031268190000000029e+00
8.064999999999999253e-03 1.020987870000000299e+02 2.078099519999999867e+00
8.235000000000002734e-03 9.543023430000000928e+01 1.957995960000000091e+00
8.404999999999997543e-03 8.894354819999998085e+01 1.903500549999999958e+00
8.574000000000000024e-03 8.644048009999998783e+01 1.837011479999999919e+00
8.743999999999996567e-03 8.194004169999999476e+01 1.757135649999999938e+00
8.913999999999996579e-03 7.971327259999998205e+01 1.748610089999999895e+00
9.083999999999996591e-03 7.963468400000000713e+01 1.698399720000000057e+00
9.254000000000001808e-03 7.701569270000000245e+01 1.691152250000000024e+00
9.422999999999995616e-03 7.370297010000000171e+01 1.616737150000000067e+00
9.593000000000002567e-03 7.227150169999998752e+01 1.588749050000000107e+00
9.762999999999997375e-03 6.737994849999998337e+01 1.538195449999999909e+00
9.933000000000006061e-03 6.651528229999998132e+01 1.492896980000000040e+00
1.010299999999999913e-02 6.765693890000001431e+01 1.499056570000000033e+00
1.027200000000000162e-02 6.350533340000001203e+01 1.431447429999999965e+00
1.044200000000000163e-02 6.219074830000001697e+01 1.412927080000000002e+00
1.061200000000000164e-02 5.960339940000000070e+01 1.378476830000000097e+00
1.078200000000000165e-02 5.775815960000001326e+01 1.345842959999999922e+00
1.095199999999999819e-02 5.673008910000000782e+01 1.313953139999999964e+00
1.112099999999999894e-02 5.555964910000000856e+01 1.289181689999999936e+00
1.129099999999999722e-02 5.237781689999999202e+01 1.251297740000000047e+00
1.146100000000000070e-02 5.307492339999999587e+01 1.241060290000000066e+00
1.163100000000000071e-02 4.976291319999998564e+01 1.205408330000000028e+00
1.180000000000000319e-02 5.002396859999998924e+01 1.193925179999999919e+00
1.197000000000000321e-02 4.936383989999999500e+01 1.176623460000000065e+00
1.213999999999999801e-02 4.669253090000000128e+01 1.136058280000000087e+00
1.231000000000000150e-02 4.793202860000000953e+01 1.140296109999999974e+00
1.247999999999999977e-02 4.424847159999999491e+01 1.095578790000000025e+00
1.264899999999999879e-02 4.608079159999999064e+01 1.103285950000000071e+00
1.281900000000000400e-02 4.329448800000000119e+01 1.068541519999999911e+00
1.298900000000000055e-02 4.243969750000000118e+01 1.048574949999999895e+00
1.315900000000000056e-02 4.216753259999999415e+01 1.026016049999999957e+00
1.332899999999999884e-02 4.121658369999999394e+01 1.027480930000000070e+00
1.349799999999999785e-02 3.990630469999999264e+01 9.937234600000000029e-01
1.366800000000000133e-02 3.911444220000000627e+01 9.819660580000000305e-01
1.383799999999999614e-02 3.750954839999999990e+01 9.513029050000000320e-01
1.400799999999999788e-02 3.637764040000000421e+01 9.277846910000000502e-01
1.417800000000000137e-02 3.645234870000000171e+01 9.376270770000000310e-01
1.434700000000000038e-02 3.549521640000000389e+01 9.042201709999999615e-01
1.451699999999999866e-02 3.446151549999999730e+01 8.954129220000000000e-01
1.468699999999999867e-02 3.182431810000000283e+01 8.544022869999999825e-01
1.485699999999999868e-02 3.243286630000000059e+01 8.530572060000000123e-01
1.502699999999999869e-02 3.267738860000000756e+01 8.644091769999999730e-01
1.519600000000000291e-02 3.183917629999999477e+01 8.271509559999999928e-01
1.536599999999999772e-02 2.997387180000000484e+01 8.140959740000000000e-01
1.553600000000000293e-02 2.870000000000000284e+01 7.858987880000000148e-01
1.570599999999999774e-02 2.744967239999999720e+01 7.605432619999999977e-01
1.587500000000000022e-02 2.878457139999999370e+01 7.901201450000000515e-01
1.604500000000000023e-02 2.625256480000000181e+01 7.382548519999999614e-01
1.621499999999999678e-02 2.726358540000000374e+01 7.536362909999999582e-01
1.638499999999999679e-02 2.640807929999999715e+01 7.340703769999999961e-01
1.655500000000000027e-02 2.509786349999999544e+01 7.113024780000000158e-01
1.672399999999999581e-02 2.460320240000000425e+01 7.045831080000000135e-01
1.689400000000000276e-02 2.471326670000000547e+01 7.007523599999999631e-01
1.706399999999999931e-02 2.296766939999999835e+01 6.769261269999999886e-01
1.723399999999999932e-02 2.187073930000000033e+01 6.615744430000000120e-01
1.740399999999999933e-02 2.073906030000000200e+01 6.460072230000000193e-01
1.757299999999999487e-02 2.218657959999999818e+01 6.781201940000000095e-01
1.774299999999999836e-02 2.181711620000000451e+01 6.697508890000000159e-01
1.791300000000000184e-02 2.004514319999999472e+01 6.436813860000000220e-01
1.808299999999999838e-02 2.067788810000000055e+01 6.552854070000000419e-01
1.825300000000000186e-02 2.083328119999999473e+01 6.604545189999999621e-01
1.842200000000000087e-02 1.997054140000000189e+01 6.414295800000000547e-01
1.859200000000000089e-02 1.866116960000000446e+01 6.239900019999999881e-01
1.876199999999999743e-02 1.798298909999999751e+01 6.067981289999999639e-01
1.893200000000000438e-02 1.842789589999999933e+01 6.183163459999999612e-01
1.910200000000000092e-02 1.916047050000000240e+01 6.315887500000000321e-01
1.927099999999999647e-02 1.810588010000000025e+01 6.093213299999999943e-01
1.944099999999999648e-02 1.743073190000000139e+01 6.017176440000000515e-01
1.961099999999999649e-02 1.718427630000000406e+01 5.904232190000000546e-01
1.978099999999999997e-02 1.683097189999999799e+01 5.852599090000000226e-01
1.994999999999999551e-02 1.634781729999999911e+01 5.823552130000000382e-01
2.012000000000000247e-02 1.678021639999999692e+01 5.805567000000000366e-01
2.028999999999999901e-02 1.558092500000000236e+01 5.635483879999999557e-01
2.046000000000000249e-02 1.576240680000000083e+01 5.617839079999999985e-01
2.062999999999999903e-02 1.611993989999999499e+01 5.675025479999999956e-01
2.079900000000000151e-02 1.482845919999999751e+01 5.486688669999999490e-01
2.096900000000000153e-02 1.539533029999999947e+01 5.503250079999999489e-01
2.113899999999999807e-02 1.461874539999999989e+01 5.427753739999999771e-01
2.130899999999999461e-02 1.457795439999999765e+01 5.383919999999999817e-01
2.147900000000000156e-02 1.453036810000000223e+01 5.339894840000000142e-01
2.164800000000000058e-02 1.413034509999999955e+01 5.266561499999999896e-01
2.181800000000000406e-02 1.407944449999999925e+01 5.257847009999999655e-01
2.198799999999999713e-02 1.350842309999999813e+01 5.154230990000000512e-01
2.215800000000000061e-02 1.361788649999999734e+01 5.142324539999999500e-01
2.232799999999999715e-02 1.360609879999999983e+01 5.158256390000000025e-01
2.249699999999999617e-02 1.243567569999999733e+01 4.903511950000000175e-01
2.266700000000000312e-02 1.189028210000000207e+01 4.722981700000000171e-01
2.283699999999999619e-02 1.177990089999999945e+01 4.775048479999999818e-01
2.300699999999999967e-02 1.168585610000000052e+01 4.726380640000000244e-01
2.317699999999999622e-02 1.271908739999999760e+01 4.958998230000000174e-01
2.334599999999999870e-02 1.048836119999999994e+01 4.441350660000000228e-01
2.351599999999999871e-02 1.099431279999999944e+01 4.536516429999999933e-01
2.368599999999999872e-02 1.144561389999999967e+01 4.598133560000000064e-01
2.385599999999999873e-02 1.119713779999999836e+01 4.430436600000000058e-01
2.402500000000000122e-02 1.023721430000000154e+01 4.242312599999999989e-01
2.419499999999999776e-02 1.054721980000000059e+01 4.216913480000000214e-01
2.436500000000000124e-02 9.683375489999999530e+00 4.065109100000000031e-01
2.453499999999999778e-02 9.190293909999999400e+00 3.855186219999999775e-01
2.470500000000000126e-02 9.361608170000000229e+00 3.925008420000000164e-01
2.487399999999999334e-02 8.849678049999997853e+00 3.766960679999999950e-01
2.504400000000000376e-02 9.200673690000000349e+00 3.840665950000000106e-01
2.521400000000000724e-02 8.458306929999999113e+00 3.654901099999999792e-01
2.538400000000000725e-02 7.789203230000000033e+00 3.464951519999999729e-01
2.555400000000000726e-02 7.953192060000000119e+00 3.504736399999999752e-01
2.572300000000000281e-02 6.969101720000000277e+00 3.283123130000000223e-01
2.589300000000000282e-02 7.621585399999998955e+00 3.409687579999999829e-01
2.606299999999999936e-02 7.517806799999999789e+00 3.355341379999999818e-01
2.623300000000000284e-02 6.482408290000000406e+00 3.108701209999999993e-01
2.640300000000000286e-02 6.820809289999999692e+00 3.198040999999999801e-01
2.657199999999999493e-02 6.039500640000000864e+00 3.002294019999999786e-01
2.674199999999999841e-02 5.711198819999999898e+00 2.873594769999999743e-01
2.691200000000000189e-02 5.164810369999999651e+00 2.747874310000000264e-01
2.708200000000000190e-02 5.002129430000000099e+00 2.682176270000000140e-01
2.725100000000000092e-02 4.560695119999999214e+00 2.563821370000000099e-01
2.742100000000000093e-02 4.418493869999999824e+00 2.506986520000000218e-01
2.759099999999999400e-02 4.819653110000000851e+00 2.597331469999999976e-01
2.776100000000000789e-02 4.368796579999999707e+00 2.439040919999999890e-01
2.793100000000000097e-02 3.795933000000000224e+00 2.314028330000000022e-01
2.809999999999999304e-02 3.542509130000000006e+00 2.197036509999999998e-01
2.826999999999999652e-02 3.664196329999999779e+00 2.221277490000000132e-01
2.843999999999999653e-02 2.973618930000000216e+00 2.016279410000000050e-01
2.861000000000000001e-02 3.116356000000000126e+00 2.026533460000000120e-01
2.878000000000000350e-02 2.785642360000000206e+00 1.997082410000000086e-01
2.894899999999999904e-02 2.352370109999999848e+00 1.818895080000000053e-01
2.911899999999999905e-02 2.444805629999999841e+00 1.832011359999999867e-01
2.937400000000000080e-02 2.216897449999999825e+00 3.654374669999999742e-02
2.971299999999999983e-02 2.038948749999999865e+00 3.457474910000000318e-02
3.005299999999999985e-02 1.757430309999999940e+00 3.282380649999999678e-02
3.039300000000000335e-02 1.635944620000000072e+00 3.076031120000000119e-02
3.073199999999999890e-02 1.363358110000000067e+00 2.866520479999999996e-02
3.107199999999999199e-02 1.187403390000000059e+00 2.662449570000000043e-02
3.141100000000000142e-02 1.059152579999999899e+00 2.489631089999999949e-02
3.175100000000000838e-02 9.492416150000000385e-01 2.412669909999999932e-02
3.209000000000000741e-02 8.420000819999999830e-01 2.200481959999999945e-02
3.243000000000000049e-02 7.507526199999999816e-01 2.163777650000000066e-02
3.277000000000000052e-02 6.989134540000000451e-01 2.010483999999999882e-02
3.310900000000000648e-02 5.950137859999999890e-01 1.907224199999999967e-02
3.344899999999999957e-02 5.571677619999999553e-01 1.856639159999999913e-02
3.378799999999999165e-02 5.626796480000000322e-01 1.805863850000000159e-02
3.412799999999999861e-02 4.840718860000000623e-01 1.752451199999999903e-02
3.446800000000000558e-02 5.011886209999999453e-01 1.715834089999999923e-02
3.480699999999999766e-02 4.498254309999999978e-01 1.740869160000000151e-02
3.514700000000000463e-02 4.643741880000000211e-01 1.760575480000000151e-02
3.548599999999999671e-02 4.364614359999999804e-01 1.683775670000000127e-02
3.582599999999998980e-02 4.205415929999999913e-01 1.725568970000000008e-02
3.616500000000000270e-02 4.422274990000000239e-01 1.704791309999999921e-02
3.650500000000000966e-02 4.803743389999999835e-01 1.760122990000000109e-02
3.684500000000000275e-02 4.803254390000000207e-01 1.793041059999999839e-02
3.718400000000000177e-02 4.857067880000000004e-01 1.807632610000000153e-02
3.752400000000000180e-02 5.177026409999999634e-01 1.851559209999999872e-02
3.786300000000000776e-02 5.103242449999999542e-01 1.800760510000000078e-02
3.820300000000000779e-02 5.295746810000000471e-01 1.849173169999999977e-02
3.854300000000000781e-02 5.568910860000000351e-01 1.841319549999999999e-02
3.888199999999999990e-02 5.639863889999999769e-01 1.883689090000000010e-02
3.922199999999999992e-02 5.937436609999999781e-01 1.941568789999999906e-02
3.956099999999999201e-02 5.838634639999999987e-01 1.912200879999999964e-02
3.990099999999999203e-02 5.935159429999999903e-01 1.911285130000000068e-02
4.023999999999999105e-02 6.350816160000000155e-01 1.963887580000000035e-02
4.057999999999999802e-02 6.132339020000000529e-01 1.970341759999999845e-02
4.091999999999999110e-02 6.227068770000000475e-01 1.959583520000000162e-02
4.125900000000000400e-02 6.251738449999999503e-01 1.955193360000000158e-02
4.159900000000000403e-02 6.402254560000000261e-01 1.962316329999999956e-02
4.193800000000000305e-02 6.488752089999999528e-01 1.966602090000000094e-02
4.227800000000000308e-02 6.708941510000000497e-01 2.030269939999999884e-02
4.261799999999999616e-02 7.043053240000000104e-01 2.012106719999999863e-02
4.295699999999999519e-02 6.550255569999999805e-01 1.959455579999999988e-02
4.329700000000000909e-02 6.563025420000000443e-01 1.990303720000000109e-02
4.363599999999999424e-02 6.644435039999999626e-01 1.975797170000000158e-02
4.397599999999999426e-02 6.806927510000000403e-01 1.996003370000000096e-02
4.431499999999999329e-02 6.519071690000000086e-01 1.920829870000000106e-02
4.465500000000000025e-02 6.360324830000000373e-01 1.955609260000000169e-02
4.499500000000000721e-02 6.564144910000000444e-01 1.983654959999999953e-02
4.533399999999999236e-02 6.870453269999999835e-01 1.961106199999999855e-02
4.567399999999999932e-02 6.308952289999999463e-01 1.925168439999999995e-02
4.601299999999999141e-02 6.251505720000000155e-01 1.884646480000000054e-02
4.635299999999999143e-02 6.185749200000000281e-01 1.904048399999999988e-02
4.669200000000000433e-02 5.847387450000000042e-01 1.813037040000000169e-02
4.703200000000000436e-02 5.239549700000000199e-01 1.736778060000000040e-02
4.737200000000000438e-02 5.513101630000000197e-01 1.772777669999999958e-02
4.771100000000001035e-02 5.139424259999999522e-01 1.661487979999999934e-02
4.805099999999998955e-02 4.994427880000000264e-01 1.655520889999999995e-02
4.839000000000000246e-02 4.558512679999999762e-01 1.554275970000000041e-02
4.873000000000000942e-02 4.572811330000000063e-01 1.553417229999999941e-02
4.907000000000000250e-02 4.573967549999999882e-01 1.534369200000000079e-02
4.940900000000000847e-02 4.128037500000000248e-01 1.432399200000000067e-02
4.974900000000000155e-02 4.194351640000000270e-01 1.463293149999999980e-02
5.008800000000001446e-02 3.846154489999999981e-01 1.379410749999999963e-02
5.042799999999999366e-02 3.789433970000000151e-01 1.374502319999999951e-02
5.076700000000000657e-02 3.556698970000000126e-01 1.335482839999999928e-02
5.110700000000000659e-02 3.131320930000000002e-01 1.273862970000000025e-02
5.144699999999999968e-02 3.076863020000000781e-01 1.232981730000000040e-02
5.178599999999998482e-02 2.747057509999999980e-01 1.196614319999999947e-02
5.212600000000000566e-02 2.553231959999999745e-01 1.144860580000000086e-02
5.246499999999999775e-02 2.498077529999999935e-01 1.097261570000000047e-02
5.280499999999999083e-02 2.416451679999999658e-01 1.097986729999999959e-02
5.314499999999998392e-02 2.148244219999999594e-01 1.055568900000000004e-02
5.348400000000000376e-02 2.138760749999999988e-01 1.050786310000000057e-02
5.382399999999998991e-02 1.884022969999999686e-01 1.017969020000000085e-02
5.416300000000000281e-02 2.054481369999999751e-01 1.003585440000000044e-02
5.450300000000001671e-02 2.190679090000000051e-01 1.030993969999999954e-02
5.484200000000000880e-02 1.686561060000000001e-01 9.652463689999999860e-03
5.518199999999999494e-02 1.586200189999999732e-01 8.939142590000000860e-03
5.552199999999998803e-02 1.570968749999999692e-01 9.292073430000000536e-03
5.586100000000000093e-02 1.566817690000000263e-01 8.859996869999999317e-03
5.620099999999999402e-02 1.301924590000000104e-01 8.400959379999999727e-03
5.653999999999999998e-02 1.340919399999999650e-01 8.585074510000000395e-03
5.688000000000000000e-02 1.414720950000000199e-01 8.482364690000000762e-03
5.722000000000000697e-02 1.257293140000000087e-01 8.153454399999999352e-03
5.755899999999999211e-02 1.298055270000000316e-01 8.208782700000000210e-03
5.789899999999999214e-02 1.251936150000000081e-01 8.037010089999999454e-03
5.823800000000000504e-02 1.258170209999999734e-01 8.100616340000000096e-03
5.857800000000001200e-02 1.172029749999999870e-01 7.873466370000000228e-03
5.891699999999998327e-02 1.250654360000000020e-01 7.897070819999999283e-03
5.925699999999998330e-02 1.214231699999999831e-01 7.910574740000000590e-03
5.959700000000001108e-02 1.176763769999999848e-01 8.096580000000000790e-03
5.993600000000000316e-02 1.086997489999999844e-01 7.562931699999999972e-03
6.027600000000001013e-02 1.178073730000000069e-01 7.555144659999999714e-03
6.061500000000000915e-02 1.034396429999999978e-01 7.671919240000000043e-03
6.095499999999999530e-02 1.265573530000000113e-01 7.625304450000000220e-03
6.129400000000000126e-02 1.114106450000000026e-01 7.331295080000000373e-03
6.163399999999999435e-02 1.164270919999999959e-01 7.345459650000000368e-03
6.197400000000001519e-02 1.157269870000000034e-01 7.461745720000000255e-03
6.231300000000000727e-02 1.280925260000000121e-01 7.478402589999999690e-03
6.265299999999998648e-02 1.377366289999999993e-01 7.688231139999999672e-03
6.299200000000002020e-02 1.188302350000000202e-01 7.463237020000000090e-03
6.333200000000001328e-02 1.204360069999999977e-01 7.244214009999999648e-03
6.367200000000000637e-02 1.323078099999999979e-01 7.598881660000000003e-03
6.401099999999998458e-02 1.230933119999999825e-01 7.153244119999999963e-03
6.435100000000000542e-02 1.273047360000000017e-01 7.214026160000000347e-03
6.469000000000001138e-02 1.131972400000000045e-01 7.061288990000000147e-03
6.502999999999999059e-02 1.311136980000000007e-01 7.198785810000000313e-03
6.536899999999999655e-02 1.353927819999999893e-01 7.204794080000000156e-03
6.570900000000000352e-02 1.259823999999999944e-01 7.098558839999999717e-03
6.604899999999998272e-02 1.301782900000000021e-01 7.227097319999999624e-03
6.638799999999998869e-02 1.205171579999999992e-01 6.887035960000000186e-03
6.672799999999999565e-02 1.201960989999999868e-01 6.760779629999999832e-03
6.706699999999998774e-02 1.196900070000000010e-01 6.807245719999999688e-03
6.740699999999999470e-02 1.213573059999999842e-01 7.064565370000000337e-03
6.774700000000000166e-02 1.179419879999999976e-01 6.850966079999999681e-03
6.808600000000000763e-02 1.190916860000000022e-01 6.693953649999999887e-03
6.842600000000000071e-02 1.333115150000000193e-01 6.979736270000000062e-03
6.876500000000000667e-02 1.049624360000000062e-01 6.457524410000000173e-03
6.910499999999998588e-02 1.138328130000000049e-01 6.602024839999999853e-03
6.944400000000000572e-02 1.176081040000000050e-01 6.796033400000000071e-03
6.978399999999998493e-02 1.141542489999999993e-01 6.690800690000000064e-03
7.012399999999999189e-02 1.233176680000000192e-01 6.610065109999999598e-03
7.046299999999999786e-02 9.459627430000000503e-02 6.037628350000000081e-03
7.080300000000001870e-02 1.112282840000000106e-01 6.349235859999999981e-03
7.114199999999999691e-02 1.007845870000000088e-01 6.001706239999999790e-03
7.148199999999998999e-02 1.013380110000000056e-01 6.007505859999999823e-03
7.182200000000001083e-02 1.047892750000000150e-01 6.138097139999999785e-03
7.216100000000000292e-02 9.393420049999999522e-02 6.047033949999999942e-03
7.250099999999998213e-02 1.020834380000000124e-01 5.974406800000000087e-03
7.283999999999998809e-02 9.774580240000001197e-02 5.768187539999999718e-03
7.317999999999999505e-02 9.470060520000000981e-02 5.795513030000000280e-03
7.351899999999998714e-02 8.905217149999998527e-02 5.644278099999999569e-03
7.385899999999998022e-02 8.605310950000001624e-02 5.548645550000000023e-03
7.419899999999998719e-02 7.725936129999998181e-02 5.284655489999999858e-03
7.453799999999999315e-02 8.312260200000001764e-02 5.496597280000000384e-03
7.487800000000001399e-02 8.072430729999999222e-02 5.204952639999999714e-03
7.521699999999999220e-02 6.996765439999998171e-02 5.176065030000000407e-03
7.555699999999998528e-02 6.931264149999999402e-02 5.101726420000000060e-03
7.589700000000002000e-02 7.047863920000001225e-02 5.232166029999999780e-03
7.623599999999998433e-02 6.938956179999999918e-02 4.835904599999999581e-03
7.657599999999999130e-02 6.742968609999998308e-02 5.040393330000000199e-03
7.691500000000001114e-02 6.288281230000000721e-02 4.935417029999999983e-03
7.725500000000001810e-02 7.371508459999999430e-02 4.977090810000000219e-03
7.759400000000001019e-02 5.361368120000000598e-02 4.664742119999999888e-03
7.793400000000000327e-02 5.899223940000001415e-02 4.637180290000000003e-03
7.827400000000001024e-02 5.398596620000000595e-02 4.502135610000000156e-03
7.861300000000001620e-02 5.635995810000000994e-02 4.488375430000000194e-03
7.895300000000000928e-02 5.173123019999999878e-02 4.463057930000000062e-03
7.929200000000001525e-02 5.850077370000000138e-02 4.625927640000000209e-03
7.963199999999999446e-02 5.281024940000000889e-02 4.520873429999999922e-03
7.997099999999998654e-02 6.109260530000000522e-02 4.549727320000000394e-03
8.031100000000000738e-02 5.791948830000001602e-02 4.503740600000000205e-03
8.065100000000000047e-02 4.372370379999999251e-02 4.196213699999999658e-03
8.099000000000000643e-02 5.442527869999999601e-02 4.183457899999999674e-03
8.133000000000001339e-02 4.718853190000001085e-02 4.339696149999999926e-03
8.166899999999999160e-02 4.458602330000000641e-02 4.232754949999999704e-03
8.200899999999998469e-02 5.269530520000001439e-02 4.211788370000000420e-03
8.234900000000001941e-02 4.531760459999999158e-02 4.268634179999999598e-03
8.268799999999998374e-02 5.236584060000000485e-02 4.125259509999999741e-03
8.302800000000001845e-02 4.850788120000000536e-02 4.099547989999999774e-03
8.336699999999999666e-02 5.259668979999999883e-02 4.249292709999999765e-03
8.370699999999998975e-02 4.923039409999998423e-02 4.176392150000000393e-03
8.404600000000000959e-02 4.392808759999999868e-02 3.992546310000000091e-03
8.438599999999998880e-02 4.540941419999999784e-02 3.897855940000000130e-03
8.472599999999999576e-02 5.430563810000000463e-02 4.128760389999999725e-03
8.506500000000001560e-02 4.735051119999999364e-02 4.083914610000000285e-03
8.540500000000000869e-02 5.199014810000000125e-02 4.050331199999999965e-03
8.574400000000001465e-02 4.137271889999999397e-02 3.921288789999999649e-03
8.608400000000000774e-02 4.192664649999999077e-02 3.924670929999999648e-03
8.642399999999998694e-02 4.744368420000000947e-02 4.033473010000000053e-03
8.676300000000002066e-02 4.443460410000000388e-02 3.872372900000000100e-03
8.710299999999999987e-02 4.650926470000000396e-02 3.887689560000000093e-03
8.744200000000001971e-02 4.639569040000000866e-02 3.936766399999999666e-03
8.778199999999999892e-02 4.865619269999999635e-02 4.000756270000000066e-03
8.812100000000001876e-02 4.340962290000000695e-02 3.750347079999999909e-03
8.846099999999999797e-02 4.682195799999999686e-02 3.822332209999999928e-03
8.880100000000000493e-02 4.268108540000000589e-02 3.589491230000000158e-03
8.914000000000001089e-02 4.500398079999999579e-02 3.797417190000000088e-03
8.948000000000001786e-02 4.085391310000000692e-02 3.798774410000000084e-03
8.981900000000000994e-02 4.075988359999999783e-02 3.769056040000000069e-03
9.015899999999998915e-02 4.398552600000000395e-02 3.787540199999999899e-03
9.049899999999998224e-02 3.579783429999999766e-02 3.675063499999999851e-03
9.083800000000001595e-02 4.134748670000000514e-02 3.541371529999999806e-03
9.117799999999999516e-02 4.161109500000000072e-02 3.696136300000000142e-03
9.151700000000000113e-02 3.713848240000000578e-02 3.641268980000000009e-03
9.185699999999998033e-02 4.614323850000000282e-02 3.716415380000000039e-03
9.219599999999998630e-02 4.321267799999999742e-02 3.706518560000000156e-03
9.253599999999997938e-02 4.451489530000000278e-02 3.512708719999999962e-03
9.287600000000000022e-02 4.101176350000000637e-02 3.689819139999999872e-03
9.321500000000000619e-02 4.063264959999999398e-02 3.577077039999999961e-03
9.355500000000001315e-02 4.101381779999999089e-02 3.490964640000000091e-03
9.389399999999999136e-02 3.908285539999999114e-02 3.449893160000000111e-03
9.423399999999999832e-02 3.929950809999999128e-02 3.455782100000000159e-03
9.457400000000000528e-02 3.835588759999999930e-02 3.564805319999999906e-03
9.491299999999998349e-02 3.741805019999999010e-02 3.391086419999999810e-03
9.525300000000000433e-02 3.017887569999999978e-02 3.364448549999999889e-03
9.559199999999998254e-02 2.716884880000000613e-02 3.144860089999999830e-03
9.593200000000001726e-02 3.580686090000000099e-02 3.351523529999999966e-03
9.627099999999999547e-02 3.366981630000000225e-02 3.283208090000000207e-03
9.661100000000000243e-02 3.318117069999999835e-02 3.372090449999999833e-03
9.695099999999998164e-02 3.751199939999999566e-02 3.321637699999999919e-03
9.728999999999997372e-02 3.750576370000000687e-02 3.328688990000000167e-03
9.762999999999996681e-02 3.435339479999999918e-02 3.275913020000000009e-03
9.796899999999998665e-02 3.281199230000000217e-02 3.260630709999999804e-03
9.830899999999997974e-02 2.854222660000000494e-02 3.151469970000000086e-03
9.864799999999999958e-02 2.817478819999999842e-02 3.085619700000000187e-03
9.898800000000000654e-02 2.583959570000000233e-02 3.089465699999999811e-03
9.932800000000001350e-02 3.044786699999999999e-02 3.103766860000000023e-03
9.966700000000000559e-02 3.091003010000000287e-02 3.255931079999999783e-03
1.000069999999999848e-01 2.691714610000000077e-02 3.178540760000000097e-03
1.003460000000000046e-01 2.764775800000000491e-02 2.964077309999999920e-03
1.006859999999999977e-01 3.164864919999998971e-02 3.042520310000000009e-03
1.010260000000000047e-01 2.818813480000000385e-02 3.061815700000000088e-03
1.013649999999999968e-01 2.990107359999999437e-02 3.072046320000000174e-03
1.017050000000000037e-01 3.015936070000000205e-02 3.058146490000000078e-03
1.020439999999999958e-01 2.478685989999999950e-02 2.998074559999999809e-03
1.023839999999999889e-01 2.810216409999999332e-02 2.945770290000000041e-03
1.027229999999999949e-01 2.757209300000000238e-02 2.949164350000000115e-03
1.030630000000000018e-01 2.809991439999999507e-02 2.967717060000000118e-03
1.034029999999999810e-01 2.924776040000000646e-02 2.728494409999999808e-03
1.037420000000000148e-01 2.543201299999999637e-02 2.929098230000000153e-03
1.040819999999999940e-01 2.307448189999999899e-02 2.811714889999999793e-03
1.044209999999999861e-01 2.549472800000000122e-02 2.777522699999999956e-03
1.047610000000000069e-01 2.056526460000000431e-02 2.725748489999999837e-03
1.051010000000000000e-01 1.630207230000000479e-02 2.779301520000000171e-03
1.054400000000000059e-01 2.126085809999999840e-02 2.962724959999999980e-03
1.057799999999999851e-01 2.196943850000000406e-02 2.915743809999999953e-03
1.061190000000000050e-01 2.503845250000000244e-02 2.854055089999999947e-03
1.064590000000000120e-01 2.097706779999999535e-02 2.830024190000000103e-03
1.067979999999999902e-01 2.682225260000000236e-02 2.843640499999999880e-03
1.071379999999999971e-01 2.186046250000000385e-02 2.873160320000000059e-03
1.074780000000000041e-01 2.033600789999999783e-02 2.804537699999999981e-03
1.078169999999999962e-01 1.756557269999999699e-02 2.705705909999999922e-03
1.081570000000000170e-01 2.096359289999999778e-02 2.738476919999999898e-03
1.084959999999999952e-01 2.101310570000000308e-02 2.749863659999999925e-03
1.088359999999999883e-01 1.994181780000000084e-02 2.828720759999999845e-03
1.091760000000000091e-01 2.371530699999999797e-02 2.676593939999999828e-03
1.095150000000000151e-01 2.010794559999999967e-02 2.824890640000000085e-03
1.098549999999999804e-01 1.951074859999999550e-02 2.564274819999999826e-03
1.101939999999999864e-01 1.823550680000000229e-02 2.645412220000000186e-03
1.105339999999999934e-01 1.718031660000000210e-02 2.561571199999999968e-03
1.108729999999999855e-01 2.176163719999999607e-02 2.702093430000000046e-03
1.112130000000000063e-01 1.978718670000000415e-02 2.539191020000000024e-03
1.115529999999999994e-01 2.455992070000000485e-02 2.587565359999999866e-03
1.118920000000000053e-01 1.980089189999999916e-02 2.650052390000000140e-03
1.122320000000000123e-01 1.945033669999999756e-02 2.702066920000000157e-03
1.125710000000000044e-01 2.201580700000000182e-02 2.636707109999999847e-03
1.129110000000000114e-01 1.956094119999999756e-02 2.624133119999999802e-03
1.132499999999999896e-01 2.187915870000000165e-02 2.764613070000000120e-03
1.135900000000000104e-01 2.120729270000000499e-02 2.738623610000000090e-03
1.139300000000000035e-01 1.601902519999999497e-02 2.612138359999999822e-03
1.142689999999999956e-01 2.136972460000000074e-02 2.660645789999999990e-03
1.146090000000000164e-01 1.957002550000000105e-02 2.583107089999999925e-03
1.149479999999999946e-01 1.991491549999999805e-02 2.565910079999999920e-03
1.152880000000000155e-01 1.794359499999999968e-02 2.498756100000000015e-03
1.156279999999999947e-01 1.747832519999999515e-02 2.477686539999999788e-03
1.159669999999999868e-01 2.177599099999999802e-02 2.639683810000000106e-03
1.163069999999999937e-01 1.884352090000000410e-02 2.486144889999999941e-03
1.166460000000000136e-01 1.613509429999999967e-02 2.471540319999999957e-03
1.169860000000000066e-01 2.093465439999999539e-02 2.484177140000000047e-03
1.173249999999999849e-01 1.375286069999999937e-02 2.546839060000000154e-03
1.176650000000000057e-01 1.776991090000000495e-02 2.387186559999999839e-03
1.180049999999999988e-01 1.318391219999999996e-02 2.459712499999999920e-03
1.183439999999999909e-01 1.538779740000000354e-02 2.561936940000000048e-03
1.186839999999999978e-01 1.224152939999999939e-02 2.490660359999999872e-03
1.190229999999999899e-01 1.635912680000000188e-02 2.457366219999999879e-03
1.193629999999999969e-01 1.384844930000000106e-02 2.492995679999999905e-03
1.197030000000000038e-01 1.075733899999999944e-02 2.393877920000000211e-03
1.200419999999999821e-01 1.695329120000000148e-02 2.354402079999999911e-03
1.203820000000000029e-01 1.260136150000000163e-02 2.374384690000000062e-03
1.207210000000000089e-01 7.344688160000003088e-03 2.344559700000000205e-03
1.210610000000000019e-01 1.643279500000000004e-02 2.488423110000000018e-03
1.213999999999999801e-01 2.273812979999999609e-02 2.456940480000000156e-03
1.217399999999999871e-01 1.295047609999999683e-02 2.346524290000000148e-03
1.220799999999999802e-01 1.434359850000000054e-02 2.323490719999999829e-03
1.224190000000000139e-01 1.030652049999999757e-02 2.237766930000000161e-03
1.227590000000000070e-01 1.400457899999999790e-02 2.315016180000000184e-03
1.230979999999999852e-01 1.298539060000000050e-02 2.263675430000000165e-03
1.234380000000000061e-01 1.168827329999999783e-02 2.313667269999999943e-03
1.237779999999999991e-01 1.655441610000000022e-02 2.333989619999999980e-03
1.241170000000000051e-01 1.672874319999999998e-02 2.423287719999999822e-03
1.244570000000000121e-01 1.230883519999999981e-02 2.281195580000000035e-03
1.247959999999999903e-01 1.153680449999999746e-02 2.296009849999999970e-03
1.251359999999999972e-01 1.416730459999999622e-02 2.175075749999999877e-03
1.254750000000000032e-01 1.225813360000000199e-02 2.152685049999999902e-03
1.258150000000000102e-01 1.780395140000000376e-02 2.308898430000000217e-03
1.261549999999999894e-01 1.033570859999999834e-02 2.309086249999999993e-03
1.264939999999999953e-01 1.308926370000000096e-02 2.318680520000000137e-03
1.268339999999999745e-01 1.438937529999999819e-02 2.306093270000000167e-03
1.271730000000000083e-01 1.279185280000000140e-02 2.270463329999999891e-03
1.275129999999999875e-01 8.904811429999996003e-03 2.246224969999999817e-03
1.278529999999999944e-01 1.220205919999999694e-02 2.260767329999999881e-03
1.281920000000000004e-01 7.749771739999999562e-03 2.111547719999999802e-03
1.285320000000000074e-01 1.248853579999999880e-02 2.260451310000000189e-03
1.288710000000000411e-01 1.527187719999999714e-02 2.255407169999999826e-03
1.292109999999999925e-01 1.201496340000000190e-02 2.226616600000000043e-03
1.295499999999999985e-01 8.915267699999996492e-03 2.139184039999999978e-03
1.298900000000000055e-01 1.343334049999999821e-02 2.210901170000000113e-03
1.302300000000000124e-01 1.112689949999999886e-02 2.179590620000000038e-03
1.305689999999999629e-01 6.806785489999999869e-03 2.094561579999999843e-03
1.309089999999999976e-01 1.088421440000000157e-02 2.013735720000000163e-03
1.312480000000000036e-01 1.139509660000000146e-02 2.130148320000000133e-03
1.315879999999999828e-01 1.145192039999999752e-02 2.262696969999999832e-03
1.319269999999999887e-01 7.263823150000001116e-03 2.045243640000000019e-03
1.322670000000000234e-01 1.017837549999999792e-02 2.109819010000000151e-03
1.326070000000000026e-01 1.516334739999999903e-02 2.080086750000000127e-03
1.329460000000000086e-01 1.152366870000000147e-02 2.195138079999999804e-03
1.332859999999999878e-01 7.590538620000002699e-03 2.095192840000000174e-03
1.336249999999999938e-01 8.746960189999999913e-03 1.979782299999999912e-03
1.339650000000000285e-01 1.020880779999999884e-02 2.088147900000000140e-03
1.343050000000000077e-01 1.082978689999999911e-02 2.113793569999999986e-03
1.346440000000000137e-01 1.085081410000000163e-02 2.124670610000000109e-03
1.349839999999999929e-01 1.029692470000000137e-02 2.215793370000000012e-03
1.353229999999999988e-01 7.910718649999998880e-03 2.059384760000000040e-03
1.356630000000000058e-01 6.457755720000002246e-03 2.030956019999999914e-03
1.360020000000000395e-01 1.043330560000000143e-02 2.095966930000000075e-03
1.363419999999999632e-01 1.036587329999999821e-02 2.125053669999999936e-03
1.366819999999999979e-01 1.135710319999999780e-02 2.133865600000000185e-03
1.370210000000000039e-01 1.337462589999999923e-02 2.234154290000000057e-03
1.373610000000000109e-01 1.030572090000000246e-02 2.036299990000000042e-03
1.376999999999999891e-01 8.099085390000001702e-03 2.020049459999999786e-03
1.380399999999999683e-01 3.595330569999998904e-03 2.091117920000000203e-03
1.383800000000000030e-01 8.094907520000001536e-03 1.987641579999999911e-03
1.387190000000000367e-01 1.052994040000000166e-02 2.218057089999999915e-03
1.390589999999999882e-01 1.161265449999999977e-02 2.096131890000000123e-03
1.393979999999999664e-01 1.138201240000000052e-02 2.017355399999999892e-03
1.397380000000000289e-01 5.206727509999999233e-03 1.952861520000000054e-03
1.400770000000000071e-01 1.037725730000000138e-02 2.138116570000000126e-03
1.404169999999999585e-01 1.264473520000000337e-02 2.227454230000000188e-03
1.407570000000000210e-01 1.235175560000000353e-02 2.149019759999999842e-03
1.410959999999999992e-01 9.333682949999996467e-03 2.236957309999999984e-03
1.414360000000000062e-01 8.096653020000003920e-03 2.014229839999999872e-03
1.417750000000000121e-01 7.121981660000000283e-03 2.103160140000000060e-03
1.421149999999999913e-01 1.181703869999999740e-02 2.286263350000000086e-03
1.424549999999999983e-01 9.268163469999996656e-03 2.162383300000000029e-03
1.427940000000000043e-01 7.018450629999997345e-03 2.165627060000000024e-03
1.431340000000000112e-01 8.591183069999995883e-03 2.153015940000000024e-03
1.434729999999999894e-01 5.674267360000002230e-03 1.910533220000000055e-03
