3.141000000000000996e-03 4.385901740000000615e+01 5.063123779999999741e+00
3.311000000000000575e-03 3.847382930000000556e+01 3.550688430000000118e+00
3.481000000000000587e-03 3.718794660000000363e+01 2.766723939999999882e+00
3.650999999999999732e-03 3.928274540000000314e+01 2.337467429999999791e+00
3.820000000000001346e-03 3.205884039999999402e+01 1.998904519999999962e+00
3.990000000000001358e-03 3.375422420000001011e+01 1.845227090000000070e+00
4.160000000000000503e-03 3.444303479999999951e+01 1.742581020000000036e+00
4.330000000000001383e-03 3.529497520000000321e+01 1.726872249999999998e+00
4.498999999999999527e-03 3.385710570000000530e+01 1.631246909999999994e+00
4.668999999999997805e-03 3.023692269999999738e+01 1.516862670000000080e+00
4.839000000000002154e-03 2.979089270000000056e+01 1.473341900000000093e+00
5.009000000000003033e-03 2.810222530000000063e+01 1.387782829999999912e+00
5.178999999999999576e-03 2.831865339999999520e+01 1.377347160000000015e+00
5.347999999999998588e-03 2.930601819999999691e+01 1.356594400000000089e+00
5.518000000000000335e-03 2.916942450000000520e+01 1.348221179999999908e+00
5.688000000000000347e-03 2.527779149999999220e+01 1.211763230000000080e+00
5.858000000000001227e-03 2.560670000000000357e+01 1.205326429999999949e+00
6.027999999999998637e-03 2.391517059999999617e+01 1.157246559999999924e+00
6.197000000000001119e-03 2.521244069999999837e+01 1.153282109999999916e+00
6.367000000000001998e-03 2.148003099999999677e+01 1.046310700000000038e+00
6.536999999999999408e-03 2.340728750000000247e+01 1.072764049999999969e+00
6.707000000000002023e-03 2.153702229999999673e+01 1.021896039999999894e+00
6.877000000000001168e-03 2.083071130000000082e+01 9.909679959999999621e-01
7.045999999999998445e-03 2.058048940000000471e+01 9.811239080000000445e-01
7.216000000000001059e-03 2.031977810000000417e+01 9.716288789999999453e-01
7.386000000000001071e-03 1.900214420000000004e+01 9.123279949999999472e-01
7.556000000000001084e-03 1.819818039999999471e+01 8.833289069999999965e-01
7.726000000000001096e-03 1.932333530000000010e+01 9.057074080000000471e-01
7.895000000000002710e-03 1.928929050000000345e+01 8.728564789999999629e-01
8.064999999999999253e-03 1.652170740000000393e+01 8.157144859999999609e-01
8.320000000000001006e-03 1.891603410000000451e+01 2.532848890000000130e-01
8.659000000000000030e-03 1.716852030000000084e+01 2.115043729999999955e-01
8.999000000000003524e-03 1.591852010000000028e+01 1.782467359999999890e-01
9.337999999999997344e-03 1.463281190000000365e+01 1.645586390000000065e-01
9.677999999999995634e-03 1.405451640000000069e+01 1.563708609999999999e-01
1.001800000000000260e-02 1.358107880000000023e+01 1.499005300000000040e-01
1.035700000000000162e-02 1.269548019999999688e+01 1.456074800000000113e-01
1.069699999999999818e-02 1.205317869999999836e+01 1.342106349999999948e-01
1.103600000000000241e-02 1.112540380000000084e+01 1.289994409999999925e-01
1.137600000000000243e-02 1.073680819999999869e+01 1.253601350000000114e-01
1.171599999999999898e-02 1.018069979999999752e+01 1.191182380000000013e-01
1.205500000000000148e-02 9.744976440000002071e+00 1.168764949999999969e-01
1.239499999999999803e-02 9.124117289999999159e+00 1.080867370000000022e-01
1.273399999999999879e-02 8.683601740000000291e+00 1.065903140000000054e-01
1.307400000000000055e-02 8.190521909999999295e+00 1.020441930000000053e-01
1.341300000000000131e-02 7.831309689999999435e+00 9.762017119999999437e-02
1.375299999999999613e-02 7.340325990000000189e+00 9.392204649999999488e-02
1.409299999999999962e-02 7.082381179999999610e+00 8.948202959999999873e-02
1.443199999999999691e-02 6.717687599999999648e+00 8.906262909999999866e-02
1.477199999999999694e-02 6.204055470000001016e+00 8.289149079999999503e-02
1.511100000000000290e-02 6.009771770000001290e+00 8.111869550000000428e-02
1.545099999999999772e-02 5.847372449999999056e+00 7.833449879999999921e-02
1.579099999999999948e-02 5.496581569999999139e+00 7.582384159999999707e-02
1.613000000000000198e-02 5.214633669999999555e+00 7.400736149999999347e-02
1.646999999999999853e-02 4.873550070000000289e+00 6.923886510000000494e-02
1.680900000000000102e-02 4.785560410000000431e+00 6.830348769999999847e-02
1.714900000000000105e-02 4.403989270000000289e+00 6.539321239999999757e-02
1.748800000000000354e-02 4.291747589999999946e+00 6.346655369999999741e-02
1.782800000000000357e-02 4.117165110000000183e+00 6.218983959999999783e-02
1.816800000000000359e-02 3.844540719999999911e+00 5.846923040000000238e-02
1.850700000000000262e-02 3.604741129999999849e+00 5.691581340000000100e-02
1.884699999999999570e-02 3.529185419999999684e+00 5.575331530000000174e-02
1.918599999999999819e-02 3.277795690000000040e+00 5.333837539999999877e-02
1.952599999999999822e-02 3.196248769999999961e+00 5.176806800000000042e-02
1.986600000000000518e-02 2.993252829999999864e+00 4.964514409999999656e-02
2.020500000000000421e-02 2.822812460000000190e+00 4.866235210000000033e-02
2.054500000000000076e-02 2.704080990000000018e+00 4.645969190000000248e-02
2.088400000000000326e-02 2.488124239999999876e+00 4.541677799999999793e-02
2.122400000000000328e-02 2.358028350000000106e+00 4.306930259999999788e-02
2.156300000000000230e-02 2.259506950000000014e+00 4.199583419999999845e-02
2.190299999999999539e-02 2.090988970000000169e+00 4.060074959999999955e-02
2.224299999999999888e-02 1.940427909999999923e+00 3.799640719999999861e-02
2.258199999999999791e-02 1.826816500000000065e+00 3.771136440000000256e-02
2.292200000000000487e-02 1.775671769999999983e+00 3.603997610000000268e-02
2.326099999999999696e-02 1.654282779999999953e+00 3.555863210000000108e-02
2.360099999999999698e-02 1.535117000000000065e+00 3.327426509999999865e-02
2.394100000000000394e-02 1.479230559999999972e+00 3.227950360000000213e-02
2.427999999999999950e-02 1.250496150000000029e+00 3.053652579999999866e-02
2.461999999999999605e-02 1.186818240000000024e+00 2.886427150000000011e-02
2.495899999999999508e-02 1.122639380000000076e+00 2.839142160000000109e-02
2.529899999999999857e-02 1.000189379999999906e+00 2.661021100000000167e-02
2.563799999999999760e-02 9.228036670000000496e-01 2.547443729999999962e-02
2.597800000000000456e-02 8.344872129999999499e-01 2.457391139999999877e-02
2.631800000000000458e-02 7.749704859999999584e-01 2.280593519999999860e-02
2.665699999999999667e-02 7.028177140000000378e-01 2.241694890000000065e-02
2.699700000000000710e-02 6.144302299999999661e-01 2.072132189999999902e-02
2.733600000000000613e-02 5.987566250000000423e-01 2.055135740000000114e-02
2.767599999999999574e-02 4.932889389999999818e-01 1.902868590000000165e-02
2.801500000000000171e-02 4.425108170000000007e-01 1.768167520000000006e-02
2.835500000000000867e-02 4.307872360000000178e-01 1.772414459999999831e-02
2.869499999999999135e-02 3.600226460000000017e-01 1.617382679999999906e-02
2.903400000000000078e-02 3.115465590000000007e-01 1.528245720000000023e-02
2.937400000000000080e-02 3.035882080000000260e-01 1.497769510000000054e-02
2.971299999999999983e-02 2.478609530000000227e-01 1.402083290000000031e-02
3.005299999999999985e-02 2.250047360000000107e-01 1.375194989999999930e-02
3.039300000000000335e-02 2.198791870000000037e-01 1.311853129999999978e-02
3.073199999999999890e-02 1.646969379999999872e-01 1.221491570000000047e-02
3.107199999999999199e-02 1.523543129999999912e-01 1.194549339999999987e-02
3.141100000000000142e-02 1.539556979999999742e-01 1.182025310000000065e-02
3.175100000000000838e-02 1.366309680000000193e-01 1.165892749999999922e-02
3.209000000000000741e-02 1.151765849999999841e-01 1.049406160000000005e-02
3.243000000000000049e-02 1.090497450000000174e-01 1.099387790000000073e-02
3.277000000000000052e-02 1.092983010000000005e-01 1.010588490000000061e-02
3.310900000000000648e-02 9.402166750000003070e-02 1.016173769999999948e-02
3.344899999999999957e-02 6.988801240000001858e-02 9.708409540000000754e-03
3.378799999999999165e-02 8.432332800000001682e-02 9.411149849999999803e-03
3.412799999999999861e-02 8.314917479999998917e-02 1.009951010000000038e-02
3.446800000000000558e-02 9.581924320000000106e-02 9.478793589999999492e-03
3.480699999999999766e-02 6.693455200000000826e-02 1.004051750000000028e-02
3.514700000000000463e-02 6.665042559999997951e-02 9.917194449999999772e-03
3.548599999999999671e-02 7.328499189999999885e-02 9.864343929999999996e-03
3.582599999999998980e-02 7.001252510000000040e-02 1.036248390000000033e-02
3.616500000000000270e-02 7.386569019999998653e-02 9.858624859999999893e-03
3.650500000000000966e-02 7.349381270000000799e-02 9.773483169999999665e-03
3.684500000000000275e-02 7.060446710000001236e-02 1.030514920000000050e-02
3.718400000000000177e-02 6.436562970000000994e-02 1.018717950000000080e-02
3.752400000000000180e-02 6.867852630000001457e-02 1.011193309999999963e-02
3.786300000000000776e-02 8.228365719999999883e-02 1.021982700000000077e-02
3.820300000000000779e-02 9.224851550000001676e-02 1.047505269999999926e-02
3.854300000000000781e-02 8.755807840000001674e-02 1.005404749999999972e-02
3.888199999999999990e-02 9.542928070000000762e-02 1.029471489999999982e-02
3.922199999999999992e-02 9.348405359999999165e-02 1.055674430000000039e-02
3.956099999999999201e-02 8.197835330000000087e-02 1.052870009999999981e-02
3.990099999999999203e-02 1.116371819999999876e-01 1.069795100000000068e-02
4.023999999999999105e-02 9.983519520000001812e-02 1.063328309999999992e-02
4.057999999999999802e-02 9.563495560000000173e-02 1.085899149999999987e-02
4.091999999999999110e-02 9.183356360000000107e-02 1.052099199999999984e-02
4.125900000000000400e-02 8.237846309999997951e-02 1.037141490000000055e-02
4.159900000000000403e-02 1.027036230000000078e-01 1.059073550000000016e-02
4.193800000000000305e-02 1.024044050000000039e-01 1.052306750000000027e-02
4.227800000000000308e-02 1.002524939999999976e-01 1.092386870000000045e-02
4.261799999999999616e-02 1.051701010000000019e-01 1.047165580000000012e-02
4.295699999999999519e-02 1.025401529999999950e-01 1.041537329999999914e-02
4.329700000000000909e-02 9.656448590000002441e-02 1.063385520000000029e-02
4.363599999999999424e-02 1.092809099999999950e-01 1.068701420000000082e-02
4.397599999999999426e-02 1.024901170000000195e-01 1.050063210000000066e-02
4.431499999999999329e-02 8.701060389999999700e-02 9.941225649999999719e-03
4.465500000000000025e-02 9.479564610000000557e-02 1.054725159999999988e-02
4.499500000000000721e-02 8.925694450000000446e-02 1.059238340000000049e-02
4.533399999999999236e-02 9.134717090000001039e-02 9.972001859999999468e-03
4.567399999999999932e-02 8.588357179999998869e-02 1.018559200000000026e-02
4.601299999999999141e-02 8.372048150000001299e-02 9.904840039999999665e-03
4.635299999999999143e-02 6.848277079999998129e-02 9.532017489999999177e-03
4.669200000000000433e-02 7.558770530000001597e-02 9.445281039999999656e-03
4.703200000000000436e-02 7.677499750000001122e-02 9.449913659999999854e-03
4.737200000000000438e-02 6.129779549999999494e-02 9.287544059999999768e-03
4.771100000000001035e-02 6.986201499999999953e-02 8.932351059999999593e-03
4.805099999999998955e-02 6.552585419999999716e-02 9.038506360000000267e-03
4.839000000000000246e-02 5.093296980000000529e-02 8.468299829999999598e-03
4.873000000000000942e-02 5.370533919999999350e-02 8.418692369999999578e-03
4.907000000000000250e-02 7.934636700000000098e-02 8.612757099999999999e-03
4.940900000000000847e-02 6.491038920000000156e-02 7.963567759999999954e-03
4.974900000000000155e-02 5.416302260000000618e-02 8.021638750000000678e-03
5.008800000000001446e-02 4.985140749999999316e-02 7.623130960000000164e-03
5.042799999999999366e-02 5.109340679999998386e-02 7.614717650000000018e-03
5.076700000000000657e-02 4.112563159999999690e-02 7.313438000000000230e-03
5.110700000000000659e-02 3.469253739999999392e-02 7.364971490000000315e-03
5.144699999999999968e-02 4.516916020000000948e-02 7.176096760000000296e-03
5.178599999999998482e-02 3.196059040000000240e-02 7.066131810000000034e-03
5.212600000000000566e-02 4.227305819999999797e-02 7.056054029999999852e-03
5.246499999999999775e-02 4.261509969999999897e-02 6.573506330000000210e-03
5.280499999999999083e-02 3.639716519999999789e-02 6.654648410000000083e-03
5.314499999999998392e-02 2.568691459999999926e-02 6.424779789999999699e-03
5.348400000000000376e-02 3.027109579999999814e-02 6.566145889999999707e-03
5.382399999999998991e-02 3.072872519999999413e-02 6.777151389999999664e-03
5.416300000000000281e-02 4.112734390000000184e-02 6.479645099999999623e-03
5.450300000000001671e-02 2.648621859999999301e-02 6.143882560000000180e-03
5.484200000000000880e-02 2.210279329999999612e-02 6.322584170000000205e-03
5.518199999999999494e-02 2.525531639999999828e-02 5.800289400000000276e-03
5.552199999999998803e-02 1.958143500000000467e-02 6.146728159999999969e-03
5.586100000000000093e-02 2.455678669999999258e-02 5.770196170000000194e-03
5.620099999999999402e-02 2.060429459999999630e-02 5.684129579999999855e-03
5.653999999999999998e-02 1.842278090000000132e-02 5.880297310000000104e-03
5.688000000000000000e-02 2.890703609999999493e-02 5.788608619999999899e-03
5.722000000000000697e-02 1.853772529999999502e-02 5.487393079999999812e-03
5.755899999999999211e-02 1.999108369999999871e-02 5.526883540000000240e-03
5.789899999999999214e-02 2.129688139999999508e-02 5.499592030000000076e-03
5.823800000000000504e-02 1.560532260000000414e-02 5.440697149999999815e-03
5.857800000000001200e-02 2.354600629999999833e-02 5.552578990000000235e-03
5.891699999999998327e-02 1.587715580000000071e-02 5.175112439999999918e-03
5.925699999999998330e-02 1.341498439999999799e-02 5.273837830000000122e-03
5.959700000000001108e-02 1.630546979999999632e-02 5.714106329999999595e-03
5.993600000000000316e-02 1.946182469999999803e-02 5.393632219999999755e-03
6.027600000000001013e-02 1.466847649999999774e-02 4.928211069999999770e-03
6.061500000000000915e-02 7.072555929999999220e-03 5.321971980000000414e-03
6.095499999999999530e-02 1.690241920000000106e-02 4.936219829999999656e-03
6.129400000000000126e-02 1.846901790000000237e-02 4.953425539999999593e-03
6.163399999999999435e-02 1.556170550000000354e-02 4.846450060000000171e-03
6.197400000000001519e-02 1.213263469999999872e-02 4.866808279999999994e-03
6.231300000000000727e-02 1.483545519999999833e-02 4.685370149999999734e-03
6.265299999999998648e-02 2.495791519999999639e-02 5.014137319999999697e-03
6.299200000000002020e-02 1.705022139999999922e-02 4.982802679999999602e-03
6.333200000000001328e-02 2.089603509999999817e-02 4.804035980000000323e-03
6.367200000000000637e-02 1.976575569999999837e-02 4.915231899999999814e-03
6.401099999999998458e-02 1.809971760000000235e-02 4.544128720000000302e-03
6.435100000000000542e-02 2.063318509999999620e-02 4.575549479999999752e-03
6.469000000000001138e-02 2.177477120000000446e-02 4.771982919999999927e-03
6.502999999999999059e-02 2.546206280000000086e-02 4.639497099999999839e-03
6.536899999999999655e-02 2.438531419999999394e-02 4.446830330000000123e-03
6.570900000000000352e-02 1.407818480000000254e-02 4.358432419999999814e-03
6.604899999999998272e-02 1.880635370000000375e-02 4.539119089999999954e-03
6.638799999999998869e-02 1.588661349999999708e-02 4.236853849999999699e-03
6.672799999999999565e-02 2.185280799999999787e-02 4.274250250000000140e-03
6.706699999999998774e-02 2.213100679999999848e-02 4.387111669999999887e-03
6.740699999999999470e-02 8.826284769999999738e-03 4.364329020000000045e-03
6.774700000000000166e-02 1.405326589999999695e-02 4.231048149999999675e-03
6.808600000000000763e-02 1.840643299999999982e-02 4.215306830000000414e-03
6.842600000000000071e-02 1.800695900000000294e-02 4.157132939999999728e-03
6.876500000000000667e-02 1.703834740000000070e-02 4.237163109999999948e-03
6.910499999999998588e-02 1.785355010000000062e-02 4.207278870000000053e-03
6.944400000000000572e-02 1.186781920000000087e-02 4.209864639999999839e-03
6.978399999999998493e-02 1.344198339999999776e-02 4.281070780000000020e-03
7.012399999999999189e-02 1.592276960000000088e-02 3.885964840000000111e-03
7.046299999999999786e-02 9.214272420000000838e-03 3.763353650000000102e-03
7.080300000000001870e-02 1.503891070000000323e-02 3.887442559999999998e-03
7.114199999999999691e-02 1.813003840000000297e-02 3.792116089999999964e-03
7.148199999999998999e-02 1.646206789999999850e-02 3.801209979999999825e-03
7.182200000000001083e-02 1.672678539999999589e-02 3.818752129999999825e-03
7.216100000000000292e-02 6.669421840000002745e-03 3.803005679999999812e-03
7.250099999999998213e-02 1.110682120000000030e-02 3.552238619999999788e-03
7.283999999999998809e-02 1.684214580000000308e-02 3.589571739999999813e-03
7.317999999999999505e-02 1.635298599999999644e-02 3.729862769999999980e-03
7.351899999999998714e-02 6.158497780000000976e-03 3.292887190000000092e-03
7.385899999999998022e-02 1.596288510000000438e-02 3.652378769999999920e-03
7.419899999999998719e-02 9.290615819999997055e-03 3.302700200000000062e-03
7.453799999999999315e-02 7.683506319999998391e-03 3.433557879999999795e-03
7.487800000000001399e-02 1.793364730000000448e-02 3.399343750000000022e-03
7.521699999999999220e-02 1.039175289999999877e-02 3.469893700000000174e-03
7.555699999999998528e-02 5.589360399999999084e-03 3.258125150000000005e-03
7.589700000000002000e-02 3.199604820000001484e-03 3.318923240000000007e-03
7.623599999999998433e-02 1.327445900000000234e-02 3.143039890000000162e-03
7.657599999999999130e-02 5.451251330000000256e-03 3.253400589999999853e-03
7.691500000000001114e-02 8.686142059999997153e-03 3.358578440000000061e-03
7.725500000000001810e-02 8.450172339999999227e-03 3.074898380000000171e-03
7.759400000000001019e-02 9.714432409999999504e-03 3.334448250000000141e-03
7.793400000000000327e-02 5.177134069999997021e-03 2.986193140000000142e-03
7.827400000000001024e-02 1.211731369999999829e-02 3.210522280000000124e-03
7.861300000000001620e-02 8.122462129999997310e-03 2.989617640000000014e-03
7.895300000000000928e-02 4.498758589999997913e-03 2.998222860000000073e-03
7.929200000000001525e-02 6.488871770000002349e-03 3.029063499999999978e-03
7.963199999999999446e-02 4.578992820000000671e-03 3.064161220000000130e-03
7.997099999999998654e-02 7.486625789999997067e-03 2.901426610000000083e-03
8.031100000000000738e-02 6.454966209999999510e-03 2.934897929999999867e-03
8.065100000000000047e-02 1.029377740000000062e-02 3.135705260000000178e-03
8.099000000000000643e-02 9.988524429999997775e-03 2.710238880000000183e-03
8.133000000000001339e-02 5.369508930000000888e-03 3.071065970000000020e-03
8.166899999999999160e-02 4.583905149999999498e-03 2.970927879999999896e-03
8.200899999999998469e-02 1.222723799999999791e-02 2.945479459999999876e-03
8.234900000000001941e-02 4.309477970000002121e-03 3.005335149999999872e-03
8.268799999999998374e-02 8.284325219999999490e-03 2.699292600000000042e-03
8.302800000000001845e-02 1.043035140000000104e-02 2.897777859999999851e-03
8.336699999999999666e-02 5.316012089999999808e-03 2.754630379999999882e-03
8.370699999999998975e-02 7.122343850000000670e-03 2.878644919999999875e-03
8.404600000000000959e-02 5.718198490000001369e-03 2.751112379999999785e-03
8.438599999999998880e-02 6.685754619999999607e-03 2.630241690000000021e-03
8.472599999999999576e-02 1.075804499999999907e-02 2.746567699999999911e-03
8.506500000000001560e-02 1.097504959999999821e-02 2.949570779999999802e-03
8.540500000000000869e-02 8.806903340000001718e-03 2.687970889999999943e-03
8.574400000000001465e-02 6.078793779999998488e-03 2.792461049999999789e-03
8.608400000000000774e-02 4.702956269999998377e-03 2.741459930000000097e-03
8.642399999999998694e-02 3.850869039999998359e-03 2.649199399999999788e-03
8.676300000000002066e-02 8.330095329999998716e-03 2.708039939999999906e-03
8.710299999999999987e-02 6.407192530000000406e-03 2.602943590000000168e-03
8.744200000000001971e-02 7.776908219999997297e-03 2.718290139999999817e-03
8.778199999999999892e-02 3.222054450000000608e-03 2.575333769999999921e-03
8.812100000000001876e-02 8.452134559999999533e-03 2.592511919999999827e-03
8.846099999999999797e-02 7.718511060000001443e-03 2.577261170000000150e-03
8.880100000000000493e-02 1.132655460000000017e-02 2.522633030000000134e-03
8.914000000000001089e-02 5.771184899999998522e-03 2.534341370000000107e-03
8.948000000000001786e-02 2.073421929999999525e-03 2.563612079999999949e-03
8.981900000000000994e-02 4.962644439999997804e-03 2.614817199999999817e-03
9.015899999999998915e-02 2.538534609999999140e-03 2.477446659999999867e-03
9.049899999999998224e-02 1.712035229999999287e-03 2.567834240000000084e-03
9.083800000000001595e-02 7.856704040000002387e-03 2.413181999999999827e-03
9.117799999999999516e-02 5.368016230000000576e-03 2.526420059999999902e-03
9.151700000000000113e-02 1.849394300000000400e-03 2.505344789999999940e-03
9.185699999999998033e-02 8.676539729999996689e-03 2.533139289999999932e-03
9.219599999999998630e-02 4.020801160000000291e-03 2.429809429999999805e-03
9.253599999999997938e-02 7.828289690000002007e-03 2.285819479999999949e-03
9.287600000000000022e-02 1.302970800000000573e-03 2.412459489999999821e-03
9.321500000000000619e-02 4.474535569999998560e-03 2.407949689999999785e-03
9.355500000000001315e-02 6.239928649999998758e-03 2.337313100000000185e-03
9.389399999999999136e-02 7.803271080000001927e-03 2.387599849999999871e-03
9.423399999999999832e-02 2.812557590000000496e-03 2.251724039999999927e-03
9.457400000000000528e-02 4.128718410000001802e-03 2.474162629999999887e-03
9.491299999999998349e-02 5.672668010000002196e-03 2.320071329999999921e-03
9.525300000000000433e-02 9.260062830000001131e-04 2.401857219999999852e-03
9.559199999999998254e-02 7.098141309999998413e-03 2.436788970000000089e-03
9.593200000000001726e-02 3.615648869999999945e-03 2.289030559999999988e-03
9.627099999999999547e-02 4.152759280000002141e-03 2.269936729999999861e-03
9.695099999999998164e-02 5.717000550000001131e-03 2.255953160000000006e-03
9.728999999999997372e-02 7.707144929999997993e-03 2.336684999999999804e-03
9.762999999999996681e-02 6.923591670000002300e-03 2.373770280000000055e-03
9.796899999999998665e-02 4.117089210000000887e-03 2.286908509999999953e-03
9.830899999999997974e-02 6.075004360000000464e-03 2.394935590000000190e-03
9.864799999999999958e-02 4.535319369999999718e-03 2.273745939999999906e-03
9.898800000000000654e-02 4.332107989999998618e-03 2.345900650000000160e-03
9.932800000000001350e-02 4.385483519999996971e-03 2.212542340000000010e-03
1.000069999999999848e-01 2.334859339999998968e-03 2.381888429999999991e-03
1.003460000000000046e-01 5.838754459999999716e-03 2.188042820000000045e-03
1.006859999999999977e-01 6.890195009999999960e-03 2.177370190000000195e-03
1.010260000000000047e-01 3.220990549999999935e-03 2.210497340000000012e-03
1.013649999999999968e-01 3.487199180000000436e-03 2.164246280000000060e-03
1.017050000000000037e-01 5.440256040000000792e-03 2.228416229999999939e-03
1.020439999999999958e-01 8.286481609999998485e-03 2.431128480000000099e-03
1.023839999999999889e-01 2.534292579999999906e-03 2.047506780000000071e-03
1.027229999999999949e-01 4.823874780000000917e-03 2.152164150000000081e-03
1.030630000000000018e-01 8.204825199999999860e-03 2.291987850000000177e-03
1.034029999999999810e-01 1.388051310000000191e-02 2.157017330000000205e-03
1.037420000000000148e-01 2.951162569999999253e-03 2.143060110000000011e-03
1.040819999999999940e-01 3.456116230000000344e-03 2.118284079999999906e-03
1.044209999999999861e-01 4.797930080000002012e-03 2.020725030000000005e-03
1.047610000000000069e-01 7.298450479999997811e-03 2.243077769999999964e-03
1.051010000000000000e-01 2.315223060000000995e-03 2.288861709999999872e-03
1.057799999999999851e-01 1.469393689999999456e-03 2.238040140000000042e-03
1.061190000000000050e-01 4.289936690000001850e-03 2.124799719999999857e-03
1.064590000000000120e-01 1.307332949999999916e-03 2.156141769999999833e-03
1.067979999999999902e-01 5.972446989999997090e-03 2.124376900000000176e-03
1.071379999999999971e-01 2.921565580000001888e-05 2.133181699999999858e-03
1.074780000000000041e-01 1.445743889999999247e-03 2.162604490000000039e-03
1.078169999999999962e-01 3.052169769999999067e-03 2.184054109999999937e-03
1.081570000000000170e-01 1.133205869999999319e-03 2.054704019999999999e-03
1.084959999999999952e-01 1.909366269999999803e-03 2.077460750000000196e-03
1.088359999999999883e-01 1.169175169999999700e-03 2.198535690000000004e-03
1.091760000000000091e-01 4.301233589999999170e-03 1.985258790000000041e-03
1.095150000000000151e-01 9.191658220000001843e-04 2.178659309999999953e-03
1.098549999999999804e-01 4.631665649999999225e-03 2.026051310000000130e-03
1.101939999999999864e-01 2.007040439999999409e-03 2.064558529999999809e-03
1.105339999999999934e-01 2.843338979999999062e-03 2.038775720000000208e-03
1.108729999999999855e-01 7.132192810000002490e-04 1.970592460000000073e-03
1.112130000000000063e-01 6.826996970000003169e-03 2.063460630000000118e-03
1.115529999999999994e-01 7.148458020000000683e-03 1.966833020000000216e-03
1.118920000000000053e-01 2.101221619999999162e-03 2.019506569999999796e-03
1.125710000000000044e-01 1.253614990000000498e-03 1.901799380000000024e-03
1.129110000000000114e-01 6.000369670000001848e-03 2.152293799999999840e-03
1.135900000000000104e-01 2.796369020000001159e-03 2.118950269999999875e-03
1.139300000000000035e-01 2.531120530000000035e-03 2.154173079999999792e-03
1.142689999999999956e-01 2.783351650000000319e-03 2.024784740000000038e-03
1.146090000000000164e-01 7.345635690000006035e-06 1.889158570000000047e-03
1.149479999999999946e-01 4.905578329999999397e-03 2.041176540000000025e-03
1.152880000000000155e-01 3.484178709999999433e-03 1.980471750000000180e-03
1.156279999999999947e-01 1.052573339999999949e-03 1.890723790000000066e-03
1.159669999999999868e-01 7.198713360000002495e-04 1.918157919999999989e-03
1.163069999999999937e-01 5.292553540000001500e-03 2.001069009999999811e-03
1.166460000000000136e-01 9.124313330000000848e-04 1.929020000000000040e-03
1.169860000000000066e-01 2.563322619999999514e-03 1.821194059999999915e-03
1.176650000000000057e-01 6.925391690000002806e-03 1.984606380000000087e-03
1.180049999999999988e-01 1.069731770000000319e-04 2.001157539999999947e-03
1.190229999999999899e-01 2.506710740000001481e-03 1.969150030000000121e-03
1.193629999999999969e-01 4.269800309999998030e-04 2.033047999999999973e-03
1.197030000000000038e-01 6.056007470000000260e-04 2.034228180000000052e-03
1.200419999999999821e-01 5.699502579999997202e-03 1.945481590000000018e-03
1.203820000000000029e-01 4.045393709999999649e-04 1.943149749999999957e-03
1.213999999999999801e-01 3.512408859999998582e-03 1.786837749999999926e-03
1.217399999999999871e-01 2.464699749999999488e-03 1.966449940000000035e-03
1.220799999999999802e-01 3.397080829999999524e-03 1.933800920000000069e-03
1.224190000000000139e-01 2.546958639999998952e-03 1.943960200000000070e-03
1.230979999999999852e-01 2.968164120000002634e-05 1.794021339999999970e-03
1.234380000000000061e-01 1.010864530000000041e-03 1.930769149999999983e-03
1.237779999999999991e-01 2.792147819999999791e-03 1.849788310000000059e-03
1.244570000000000121e-01 1.379741950000000191e-03 1.892183069999999910e-03
1.247959999999999903e-01 3.397623879999999742e-03 2.000903090000000131e-03
1.251359999999999972e-01 4.960489220000001941e-03 1.824309839999999983e-03
1.254750000000000032e-01 2.750265310000000497e-03 1.799061320000000042e-03
1.258150000000000102e-01 8.068076749999996550e-03 1.958883419999999861e-03
1.268339999999999745e-01 2.613895859999998926e-03 1.891072159999999946e-03
1.278529999999999944e-01 2.979678309999999556e-03 1.934330759999999946e-03
1.281920000000000004e-01 6.219291050000001373e-04 1.843706710000000059e-03
1.285320000000000074e-01 4.948179159999999610e-05 1.826958399999999974e-03
1.288710000000000411e-01 5.113541750000002301e-03 1.894659419999999983e-03
1.295499999999999985e-01 1.174905570000000718e-03 1.855749839999999967e-03
1.298900000000000055e-01 1.570130110000000087e-03 1.791101370000000061e-03
1.302300000000000124e-01 2.436442479999998984e-03 1.868893159999999954e-03
1.309089999999999976e-01 6.006467019999999629e-03 1.815468970000000013e-03
1.312480000000000036e-01 2.166706729999999265e-03 1.794693590000000010e-03
1.315879999999999828e-01 1.835866800000000940e-03 1.934530220000000049e-03
1.319269999999999887e-01 2.454242890000000381e-04 1.780043839999999929e-03
1.322670000000000234e-01 2.174510069999999011e-03 1.814839780000000085e-03
1.326070000000000026e-01 4.114690169999999161e-03 1.674099849999999929e-03
1.329460000000000086e-01 1.749511460000000799e-03 1.853274740000000103e-03
1.332859999999999878e-01 1.817059710000000407e-03 1.879080740000000065e-03
1.336249999999999938e-01 3.226464690000000780e-03 1.762944189999999904e-03
1.339650000000000285e-01 1.643091010000000563e-03 1.773608560000000016e-03
1.343050000000000077e-01 4.843539600000001510e-04 1.751681269999999947e-03
1.349839999999999929e-01 2.544777750000000709e-04 1.873335139999999935e-03
1.356630000000000058e-01 4.004681880000001857e-04 1.797414999999999907e-03
1.360020000000000395e-01 2.675070019999999365e-03 1.808964720000000087e-03
1.363419999999999632e-01 1.957424179999999424e-03 1.813162980000000094e-03
1.366819999999999979e-01 3.404531029999999150e-03 1.841203710000000006e-03
1.373610000000000109e-01 3.975831829999999269e-03 1.786352150000000000e-03
1.376999999999999891e-01 2.261651989999999019e-03 1.789774339999999995e-03
1.383800000000000030e-01 2.465629489999999775e-03 1.761979699999999911e-03
1.390589999999999882e-01 2.467405759999999337e-03 1.745948009999999948e-03
1.393979999999999664e-01 3.816131130000000298e-03 1.719807100000000097e-03
1.397380000000000289e-01 2.317086130000001101e-03 1.819676689999999951e-03
1.400770000000000071e-01 3.377827649999999484e-03 1.869453139999999961e-03
1.404169999999999585e-01 2.499613100000000390e-03 1.849269819999999932e-03
1.407570000000000210e-01 9.982029530000002121e-04 1.710940219999999975e-03
1.410959999999999992e-01 4.473643000000000563e-04 1.905596600000000057e-03
1.414360000000000062e-01 1.779404899999999061e-03 1.751742890000000056e-03
1.421149999999999913e-01 1.957714429999999305e-03 1.919288830000000050e-03
1.424549999999999983e-01 1.615938500000000094e-03 1.865473610000000036e-03
1.431340000000000112e-01 1.491812830000000282e-04 1.819864629999999898e-03
1.434729999999999894e-01 4.562967980000001526e-03 1.837522920000000080e-03
1.438130000000000241e-01 1.698407829999999750e-04 1.947959190000000083e-03
1.441520000000000024e-01 1.484529919999999633e-03 1.866608270000000075e-03
1.448319999999999885e-01 2.787756179999999456e-03 1.929355540000000013e-03
1.451709999999999945e-01 3.091739610000000197e-03 1.860944239999999918e-03
1.458500000000000074e-01 2.338642410000000898e-04 1.826557790000000016e-03
1.472090000000000065e-01 6.046847439999999269e-04 1.810630309999999984e-03
1.475480000000000125e-01 3.422091860000000402e-03 1.898897230000000033e-03
1.482269999999999976e-01 5.317950029999999608e-05 1.884594650000000074e-03
1.485670000000000046e-01 4.706753680000000904e-04 1.823142440000000012e-03
1.495859999999999967e-01 1.898564289999999212e-03 1.878378420000000049e-03
1.499250000000000027e-01 1.033586410000000280e-03 2.023970090000000010e-03
1.502650000000000097e-01 1.078970509999999973e-03 1.851931229999999968e-03
1.506039999999999601e-01 2.470183600000000132e-03 1.808256069999999993e-03
1.509439999999999948e-01 4.498843659999997887e-04 2.017026119999999843e-03
1.512840000000000018e-01 4.683689190000001404e-03 1.977461639999999847e-03
1.516230000000000078e-01 2.624663690000000448e-03 1.907442330000000061e-03
1.519630000000000147e-01 1.798728699999999460e-03 1.896014400000000039e-03
1.523019999999999929e-01 1.735172570000000644e-03 1.853674239999999942e-03
1.526419999999999999e-01 1.018909509999999614e-03 1.918097300000000003e-03
1.533209999999999851e-01 3.076130269999998758e-03 1.908605619999999975e-03
1.539999999999999980e-01 7.007115859999998473e-04 1.887841969999999939e-03
1.543400000000000327e-01 1.705031329999999413e-03 2.096113049999999943e-03
1.546790000000000109e-01 1.797662179999999282e-03 1.970224060000000214e-03
1.550189999999999901e-01 8.145206190000003465e-04 1.994395040000000209e-03
1.553589999999999971e-01 1.298389820000000246e-03 2.048334900000000052e-03
1.556980000000000308e-01 2.484538160000000339e-04 1.848560659999999925e-03
1.560379999999999823e-01 1.706025869999999679e-03 1.866650180000000011e-03
1.563769999999999882e-01 1.221453870000000158e-03 1.976928260000000021e-03
1.567169999999999674e-01 2.081193560000000210e-03 1.896388759999999936e-03
1.570569999999999744e-01 1.884327630000000395e-03 1.868876999999999908e-03
1.573959999999999804e-01 9.443666720000003277e-04 1.962509890000000215e-03
1.577359999999999873e-01 6.552949879999999056e-04 1.847458589999999984e-03
1.580750000000000210e-01 1.121971310000000098e-03 1.933983549999999984e-03
1.587540000000000062e-01 9.301398179999997330e-04 1.987070249999999937e-03
1.590940000000000132e-01 2.914737779999999195e-03 1.862203970000000019e-03
1.594339999999999924e-01 9.563287600000003200e-04 1.922248209999999910e-03
1.604519999999999835e-01 4.101706550000000506e-03 1.926162620000000051e-03
1.611319999999999975e-01 5.262785970000001187e-03 1.925381930000000068e-03
1.614710000000000034e-01 1.907980170000000497e-03 1.992706569999999795e-03
1.621500000000000163e-01 1.969574819999999303e-03 1.876236390000000052e-03
1.624899999999999956e-01 8.326691599999996515e-04 1.975022849999999962e-03
1.628290000000000015e-01 2.026559560000001058e-03 1.871929469999999898e-03
1.631690000000000362e-01 1.390207170000000480e-03 1.924492149999999921e-03
1.638479999999999659e-01 1.949266689999999799e-04 1.776461829999999948e-03
1.641880000000000006e-01 9.438826200000000706e-04 1.935244960000000094e-03
1.652060000000000195e-01 6.257703929999996161e-05 1.983218140000000008e-03
1.658860000000000057e-01 3.150300450000000346e-03 1.907136679999999916e-03
1.669040000000000246e-01 1.456768839999999458e-03 1.912519330000000094e-03
1.672439999999999760e-01 1.045307789999999539e-03 1.970650559999999937e-03
1.675840000000000107e-01 6.030211849999998286e-04 1.889076989999999897e-03
1.686020000000000019e-01 3.627445230000000465e-04 1.985724160000000137e-03
1.696209999999999940e-01 9.091009479999998238e-04 1.717178979999999964e-03
1.699610000000000287e-01 1.357046480000000674e-04 1.842380310000000078e-03
1.709789999999999921e-01 2.103289250000000242e-03 1.787403579999999976e-03
1.713190000000000268e-01 3.388548160000000786e-04 1.931066809999999962e-03
1.723380000000000190e-01 1.243364890000000188e-03 2.054463199999999930e-03
1.730170000000000041e-01 5.010861810000000367e-03 1.977636730000000183e-03
1.733560000000000101e-01 1.785880979999999118e-04 1.988721409999999815e-03
1.743750000000000300e-01 2.073506429999999717e-03 1.889853070000000086e-03
1.747149999999999814e-01 3.777086950000001653e-03 1.785097299999999915e-03
1.757340000000000291e-01 1.214907739999999877e-04 1.967447419999999829e-03
1.760730000000000073e-01 2.929108899999999151e-03 2.018052550000000184e-03
1.764130000000000142e-01 2.231818409999998792e-03 1.923046130000000001e-03
1.767519999999999925e-01 1.656765659999999462e-03 1.785742839999999998e-03
1.770919999999999994e-01 4.360717929999998084e-03 2.119455670000000048e-03
1.777710000000000123e-01 1.722914979999999856e-03 2.037803910000000190e-03
1.781109999999999915e-01 2.813333460000000657e-04 1.833052229999999894e-03
1.784499999999999975e-01 2.037706880000001060e-03 2.033211339999999989e-03
1.787899999999999767e-01 2.010882050000000528e-03 2.086965699999999892e-03
1.791290000000000104e-01 2.437792050000000329e-04 1.999103840000000017e-03
1.801480000000000026e-01 1.144339480000000544e-03 1.962188479999999943e-03
1.811669999999999670e-01 4.126402359999999038e-04 1.947110460000000057e-03
1.821859999999999868e-01 3.868032950000000088e-03 1.932768469999999929e-03
1.838829999999999909e-01 1.526180829999999747e-03 2.135000440000000155e-03
1.842229999999999701e-01 5.754057219999999043e-03 2.018884969999999897e-03
1.845630000000000048e-01 3.178841480000001510e-03 1.811256260000000066e-03
1.849020000000000108e-01 1.990752790000000893e-03 1.791999970000000093e-03
1.852419999999999900e-01 6.633249300000002621e-04 1.921337570000000066e-03
1.855809999999999960e-01 1.601675720000000263e-03 1.950558789999999902e-03
1.872790000000000010e-01 4.534239729999999056e-04 1.968746859999999984e-03
1.876190000000000080e-01 1.834663519999999923e-03 1.926828059999999981e-03
1.879579999999999862e-01 2.338258049999999977e-03 1.925240190000000046e-03
1.882980000000000209e-01 3.573753780000001696e-04 2.050430279999999970e-03
1.886380000000000001e-01 2.158384069999999457e-03 1.971459449999999995e-03
1.896559999999999635e-01 2.498089889999999692e-03 2.057201480000000072e-03
1.903360000000000052e-01 2.665114710000000744e-03 2.140859660000000129e-03
1.920330000000000370e-01 4.060813319999998644e-03 1.983634540000000189e-03
1.927129999999999954e-01 6.808109810000001006e-04 1.926755849999999904e-03
1.930520000000000291e-01 4.550256719999998234e-04 1.846180929999999970e-03
1.933920000000000083e-01 3.865610880000001914e-03 1.898180379999999962e-03
1.954289999999999916e-01 1.976870559999999426e-03 1.820530149999999943e-03
1.964479999999999837e-01 6.834367419999996850e-04 2.032915079999999836e-03
