3.481000000000000587e-03 4.219015399999999971e+01 2.823571760000000097e+00
3.650999999999999732e-03 3.528577649999999011e+01 2.245787159999999894e+00
3.820000000000001346e-03 3.444849040000000429e+01 2.026839049999999975e+00
3.990000000000001358e-03 3.294849769999999012e+01 1.809902829999999962e+00
4.160000000000000503e-03 3.376884770000000913e+01 1.710781539999999934e+00
4.330000000000001383e-03 3.381539170000000638e+01 1.677319379999999915e+00
4.498999999999999527e-03 3.223569289999998944e+01 1.580517430000000001e+00
4.668999999999997805e-03 3.027796469999999118e+01 1.501778360000000090e+00
4.839000000000002154e-03 3.193449109999999536e+01 1.502827370000000107e+00
5.009000000000003033e-03 3.075060580000000243e+01 1.429542450000000020e+00
5.178999999999999576e-03 2.606487680000000395e+01 1.313621050000000068e+00
5.347999999999998588e-03 2.927900549999999313e+01 1.341476710000000017e+00
5.518000000000000335e-03 2.579008819999999602e+01 1.260815550000000007e+00
5.688000000000000347e-03 2.504595120000000108e+01 1.193656559999999978e+00
5.858000000000001227e-03 2.615381560000000505e+01 1.203856620000000044e+00
6.027999999999998637e-03 2.300008729999999701e+01 1.124311220000000056e+00
6.197000000000001119e-03 2.526207340000000556e+01 1.141711279999999995e+00
6.367000000000001998e-03 2.352419499999999886e+01 1.080933499999999992e+00
6.536999999999999408e-03 2.204350599999999716e+01 1.031117040000000040e+00
6.707000000000002023e-03 2.111940620000000024e+01 1.001445640000000026e+00
6.877000000000001168e-03 2.237908009999999592e+01 1.013673389999999896e+00
7.045999999999998445e-03 1.971692219999999551e+01 9.512899040000000195e-01
7.216000000000001059e-03 2.066056319999999857e+01 9.685591169999999694e-01
7.386000000000001071e-03 1.833778279999999583e+01 8.875331109999999857e-01
7.556000000000001084e-03 2.047190910000000486e+01 9.242458569999999485e-01
7.726000000000001096e-03 1.874839870000000275e+01 8.831315889999999946e-01
7.895000000000002710e-03 1.693670180000000158e+01 8.107010609999999451e-01
8.320000000000001006e-03 1.933185220000000371e+01 2.525224759999999957e-01
8.659000000000000030e-03 1.672704730000000239e+01 2.073778300000000130e-01
8.999000000000003524e-03 1.587398829999999883e+01 1.761202480000000070e-01
9.337999999999997344e-03 1.461327320000000007e+01 1.626441419999999916e-01
9.677999999999995634e-03 1.365975899999999577e+01 1.525709939999999876e-01
1.001800000000000260e-02 1.314740429999999805e+01 1.459483420000000087e-01
1.035700000000000162e-02 1.241849459999999894e+01 1.424424950000000023e-01
1.069699999999999818e-02 1.179440890000000230e+01 1.313211220000000123e-01
1.103600000000000241e-02 1.094614480000000079e+01 1.265553439999999863e-01
1.137600000000000243e-02 1.042740210000000012e+01 1.222022289999999956e-01
1.171599999999999898e-02 9.806782569999999311e+00 1.156663680000000055e-01
1.205500000000000148e-02 9.365290359999999481e+00 1.133526869999999936e-01
1.239499999999999803e-02 8.820222380000000584e+00 1.051104060000000034e-01
1.273399999999999879e-02 8.475438390000000766e+00 1.041581389999999968e-01
1.307400000000000055e-02 7.855394669999999913e+00 9.887821380000000326e-02
1.341300000000000131e-02 7.497208640000001090e+00 9.450066329999999570e-02
1.375299999999999613e-02 7.235517290000000656e+00 9.221974939999999510e-02
1.409299999999999962e-02 6.838381590000000010e+00 8.698064689999999988e-02
1.443199999999999691e-02 6.425614649999999983e+00 8.618436159999999513e-02
1.477199999999999694e-02 6.082294609999999935e+00 8.117746110000000070e-02
1.511100000000000290e-02 5.860555960000000120e+00 7.923704600000000542e-02
1.545099999999999772e-02 5.577680820000000317e+00 7.569169739999999369e-02
1.579099999999999948e-02 5.335857119999999121e+00 7.390300190000000102e-02
1.613000000000000198e-02 5.068157589999999324e+00 7.216991059999999791e-02
1.646999999999999853e-02 4.816890530000001114e+00 6.807387709999999925e-02
1.680900000000000102e-02 4.699564470000001215e+00 6.694383639999999802e-02
1.714900000000000105e-02 4.454004920000000034e+00 6.500888909999999465e-02
1.748800000000000354e-02 4.229776890000000122e+00 6.230582889999999874e-02
1.782800000000000357e-02 3.893728960000000239e+00 5.986770439999999915e-02
1.816800000000000359e-02 3.848236250000000247e+00 5.783516989999999691e-02
1.850700000000000262e-02 3.602699889999999794e+00 5.625945959999999885e-02
1.884699999999999570e-02 3.392541790000000113e+00 5.408547319999999770e-02
1.918599999999999819e-02 3.183171199999999867e+00 5.200005369999999988e-02
1.952599999999999822e-02 3.013751029999999886e+00 4.976198319999999842e-02
1.986600000000000518e-02 2.931723649999999903e+00 4.859999059999999677e-02
2.020500000000000421e-02 2.797112300000000218e+00 4.790666460000000265e-02
2.054500000000000076e-02 2.669040949999999857e+00 4.565360870000000071e-02
2.088400000000000326e-02 2.373230550000000161e+00 4.392148519999999889e-02
2.122400000000000328e-02 2.238045969999999940e+00 4.155035390000000328e-02
2.156300000000000230e-02 2.254990540000000099e+00 4.148659620000000325e-02
2.190299999999999539e-02 2.082832230000000173e+00 4.007507889999999823e-02
2.224299999999999888e-02 1.892595990000000006e+00 3.714084799999999714e-02
2.258199999999999791e-02 1.783617680000000094e+00 3.688858960000000048e-02
2.292200000000000487e-02 1.688019060000000016e+00 3.480041290000000093e-02
2.326099999999999696e-02 1.561841470000000065e+00 3.425069909999999690e-02
2.360099999999999698e-02 1.508719090000000040e+00 3.264404600000000295e-02
2.394100000000000394e-02 1.372374879999999964e+00 3.084273709999999988e-02
2.427999999999999950e-02 1.223310440000000110e+00 2.990226010000000129e-02
2.461999999999999605e-02 1.113803560000000026e+00 2.774509970000000117e-02
2.495899999999999508e-02 1.053829120000000064e+00 2.729848819999999843e-02
2.529899999999999857e-02 1.010063649999999980e+00 2.643673439999999833e-02
2.563799999999999760e-02 8.629188749999999741e-01 2.448209839999999915e-02
2.597800000000000456e-02 8.871102520000000435e-01 2.496536369999999977e-02
2.631800000000000458e-02 7.940483839999999960e-01 2.280368140000000113e-02
2.665699999999999667e-02 6.995910450000000225e-01 2.213526769999999907e-02
2.699700000000000710e-02 6.187075440000000537e-01 2.056280989999999947e-02
2.733600000000000613e-02 5.364673239999999677e-01 1.943398940000000061e-02
2.767599999999999574e-02 4.820182630000000024e-01 1.866152039999999929e-02
2.801500000000000171e-02 4.412447890000000261e-01 1.748017810000000033e-02
2.835500000000000867e-02 3.857823930000000012e-01 1.681099239999999870e-02
2.869499999999999135e-02 3.578320130000000043e-01 1.597424169999999907e-02
2.903400000000000078e-02 3.198404329999999796e-01 1.527775680000000025e-02
2.937400000000000080e-02 2.699010389999999537e-01 1.421030329999999932e-02
2.971299999999999983e-02 2.320896589999999760e-01 1.359338610000000030e-02
3.005299999999999985e-02 2.078636120000000309e-01 1.328311329999999971e-02
3.039300000000000335e-02 2.105249030000000132e-01 1.281216949999999972e-02
3.073199999999999890e-02 1.796908989999999873e-01 1.241864980000000063e-02
3.107199999999999199e-02 1.349656150000000110e-01 1.146534490000000045e-02
3.141100000000000142e-02 1.251859710000000070e-01 1.110352279999999962e-02
3.175100000000000838e-02 1.112699699999999958e-01 1.099271219999999917e-02
3.209000000000000741e-02 1.107406840000000059e-01 1.030251899999999957e-02
3.243000000000000049e-02 9.815038380000000451e-02 1.065191759999999967e-02
3.277000000000000052e-02 9.954062620000000972e-02 9.787600299999999268e-03
3.310900000000000648e-02 9.577472450000000526e-02 1.011871379999999994e-02
3.344899999999999957e-02 7.519932060000000806e-02 9.761283279999999687e-03
3.378799999999999165e-02 8.541591340000000143e-02 9.359694389999999309e-03
3.412799999999999861e-02 6.989312059999999716e-02 9.706587850000000101e-03
3.446800000000000558e-02 8.710368549999998600e-02 9.181795289999999249e-03
3.480699999999999766e-02 6.292781499999998418e-02 9.866918679999999581e-03
3.514700000000000463e-02 7.621395770000000125e-02 1.007364910000000009e-02
3.548599999999999671e-02 6.121016750000000256e-02 9.495760869999999784e-03
3.582599999999998980e-02 7.251233579999999401e-02 1.034304670000000051e-02
3.616500000000000270e-02 7.606997449999998440e-02 9.834562260000000514e-03
3.650500000000000966e-02 7.303256349999999453e-02 9.684697750000000396e-03
3.684500000000000275e-02 5.950852580000001724e-02 9.963990900000000567e-03
3.718400000000000177e-02 6.924890810000000618e-02 1.022642470000000026e-02
3.752400000000000180e-02 8.024503899999999024e-02 1.031198850000000083e-02
3.786300000000000776e-02 8.688600039999999636e-02 1.024444509999999919e-02
3.820300000000000779e-02 9.241867769999999316e-02 1.039381839999999925e-02
3.854300000000000781e-02 8.789851310000001972e-02 9.980505259999999587e-03
3.888199999999999990e-02 9.389578319999998535e-02 1.017283260000000078e-02
3.922199999999999992e-02 1.085919020000000040e-01 1.081413749999999944e-02
3.956099999999999201e-02 5.914821800000000240e-02 9.928661639999999261e-03
3.990099999999999203e-02 1.001846730000000019e-01 1.034883460000000054e-02
4.023999999999999105e-02 1.006652420000000159e-01 1.056481230000000035e-02
4.057999999999999802e-02 1.046744980000000047e-01 1.096969859999999929e-02
4.091999999999999110e-02 9.812698390000003379e-02 1.057702429999999964e-02
4.125900000000000400e-02 1.019917080000000004e-01 1.072136989999999956e-02
4.159900000000000403e-02 9.679574930000001132e-02 1.037258939999999990e-02
4.193800000000000305e-02 9.111480890000001054e-02 1.018419679999999980e-02
4.227800000000000308e-02 9.153408570000000355e-02 1.064595949999999971e-02
4.261799999999999616e-02 9.436234519999998904e-02 1.014827670000000015e-02
4.295699999999999519e-02 9.880977160000001258e-02 1.024680210000000063e-02
4.329700000000000909e-02 9.337986869999997941e-02 1.047828280000000049e-02
4.363599999999999424e-02 8.947279779999998961e-02 1.016607079999999955e-02
4.397599999999999426e-02 9.871589999999998144e-02 1.033150780000000046e-02
4.431499999999999329e-02 8.544792350000000869e-02 9.826962579999999267e-03
4.465500000000000025e-02 1.085105410000000020e-01 1.075771610000000010e-02
4.499500000000000721e-02 6.737719759999999392e-02 1.002701769999999985e-02
4.533399999999999236e-02 9.506029609999999685e-02 9.972899210000000375e-03
4.567399999999999932e-02 7.760810840000000044e-02 9.920235280000000086e-03
4.601299999999999141e-02 8.810577579999998021e-02 9.922615480000000765e-03
4.635299999999999143e-02 8.242348409999999959e-02 9.785412300000000813e-03
4.669200000000000433e-02 6.683695809999998239e-02 9.168029189999999523e-03
4.703200000000000436e-02 8.420153349999999481e-02 9.544804829999999768e-03
4.737200000000000438e-02 8.483913540000001530e-02 9.745393879999999717e-03
4.771100000000001035e-02 7.046372679999998723e-02 8.876145860000000248e-03
4.805099999999998955e-02 4.975414619999999483e-02 8.606565210000000077e-03
4.839000000000000246e-02 5.145030249999999611e-02 8.417834880000000727e-03
4.873000000000000942e-02 5.633502180000001663e-02 8.416247840000000077e-03
4.907000000000000250e-02 6.212392829999999200e-02 8.141813220000000337e-03
4.940900000000000847e-02 6.101432249999999557e-02 7.808016650000000093e-03
4.974900000000000155e-02 6.260675469999998910e-02 8.156532810000000425e-03
5.008800000000001446e-02 5.582802850000000150e-02 7.706290699999999994e-03
5.042799999999999366e-02 5.381495629999999419e-02 7.621837519999999887e-03
5.076700000000000657e-02 4.679124020000000744e-02 7.399362429999999623e-03
5.110700000000000659e-02 4.079521209999999176e-02 7.458753180000000406e-03
5.144699999999999968e-02 4.424538920000001263e-02 7.099342370000000062e-03
5.178599999999998482e-02 2.911073059999999546e-02 6.944873800000000118e-03
5.212600000000000566e-02 4.066474859999999469e-02 6.963510430000000029e-03
5.246499999999999775e-02 4.596049239999999009e-02 6.608923180000000203e-03
5.280499999999999083e-02 3.992126530000000839e-02 6.694863730000000235e-03
5.314499999999998392e-02 3.330278090000000218e-02 6.577813329999999611e-03
5.348400000000000376e-02 3.287761899999998988e-02 6.585423909999999804e-03
5.382399999999998991e-02 3.024567870000000047e-02 6.717525200000000300e-03
5.416300000000000281e-02 3.378656670000000639e-02 6.243614679999999646e-03
5.450300000000001671e-02 2.236286180000000498e-02 5.990009949999999805e-03
5.484200000000000880e-02 2.968310940000000453e-02 6.474365600000000359e-03
5.518199999999999494e-02 2.750101030000000335e-02 5.819671749999999824e-03
5.552199999999998803e-02 2.199184100000000502e-02 6.168003150000000295e-03
5.586100000000000093e-02 2.859665860000000157e-02 5.837180489999999750e-03
5.620099999999999402e-02 1.680950819999999651e-02 5.538058040000000057e-03
5.653999999999999998e-02 1.512237680000000362e-02 5.754209980000000134e-03
5.688000000000000000e-02 3.018610940000000797e-02 5.780342370000000202e-03
5.722000000000000697e-02 1.663193710000000075e-02 5.396034729999999759e-03
5.755899999999999211e-02 2.312987539999999606e-02 5.574384299999999605e-03
5.789899999999999214e-02 2.356673980000000349e-02 5.522597520000000273e-03
5.823800000000000504e-02 1.978923739999999612e-02 5.517322730000000404e-03
5.857800000000001200e-02 1.858888819999999706e-02 5.377672959999999641e-03
5.891699999999998327e-02 2.014888550000000500e-02 5.260948829999999819e-03
5.925699999999998330e-02 2.344698989999999955e-02 5.510324199999999673e-03
5.959700000000001108e-02 7.175298199999997559e-03 5.437123050000000103e-03
5.993600000000000316e-02 1.234013459999999847e-02 5.165909930000000400e-03
6.027600000000001013e-02 1.765628310000000312e-02 4.981763979999999717e-03
6.061500000000000915e-02 1.944627950000000962e-03 5.148878729999999647e-03
6.095499999999999530e-02 2.295278220000000063e-02 5.071172209999999687e-03
6.129400000000000126e-02 1.871663969999999913e-02 4.925842389999999897e-03
6.163399999999999435e-02 1.795226629999999504e-02 4.880666310000000147e-03
6.197400000000001519e-02 1.800133179999999916e-02 5.001362879999999601e-03
6.231300000000000727e-02 2.495538320000000379e-02 4.940218530000000177e-03
6.265299999999998648e-02 1.590211320000000511e-02 4.723727040000000321e-03
6.299200000000002020e-02 2.159057580000000101e-02 5.072545779999999838e-03
6.333200000000001328e-02 1.794011179999999497e-02 4.686389330000000422e-03
6.367200000000000637e-02 1.255536800000000078e-02 4.677143370000000182e-03
6.401099999999998458e-02 2.364427450000000305e-02 4.670648109999999895e-03
6.435100000000000542e-02 2.067139419999999492e-02 4.543350839999999932e-03
6.469000000000001138e-02 2.296441979999999661e-02 4.770724720000000217e-03
6.502999999999999059e-02 2.288464720000000022e-02 4.531466629999999704e-03
6.536899999999999655e-02 1.995534790000000336e-02 4.279250180000000216e-03
6.570900000000000352e-02 1.896574980000000077e-02 4.469983139999999730e-03
6.604899999999998272e-02 1.656590340000000175e-02 4.442362709999999812e-03
6.638799999999998869e-02 2.409726569999999859e-02 4.449263680000000061e-03
6.672799999999999565e-02 1.857514799999999966e-02 4.143510109999999982e-03
6.706699999999998774e-02 2.101314339999999989e-02 4.322152979999999665e-03
6.740699999999999470e-02 2.585760410000000412e-02 4.800688390000000180e-03
6.774700000000000166e-02 2.111057900000000778e-02 4.409547490000000416e-03
6.808600000000000763e-02 2.007628419999999553e-02 4.233040670000000338e-03
6.842600000000000071e-02 1.962392950000000150e-02 4.175154559999999862e-03
6.876500000000000667e-02 1.861850940000000024e-02 4.252547580000000035e-03
6.910499999999998588e-02 1.836438320000000415e-02 4.191882019999999993e-03
6.944400000000000572e-02 1.576541719999999952e-02 4.293939519999999746e-03
6.978399999999998493e-02 1.162421819999999960e-02 4.200937939999999787e-03
7.012399999999999189e-02 1.980283030000000444e-02 3.977650719999999834e-03
7.046299999999999786e-02 1.208098000000000158e-02 3.828036410000000035e-03
7.080300000000001870e-02 1.577597799999999953e-02 3.882302979999999789e-03
7.114199999999999691e-02 1.536976709999999906e-02 3.675836610000000199e-03
7.148199999999998999e-02 1.248013529999999864e-02 3.649757449999999938e-03
7.182200000000001083e-02 1.566196309999999883e-02 3.757172689999999874e-03
7.216100000000000292e-02 7.742624889999996478e-03 3.811247680000000131e-03
7.250099999999998213e-02 1.424419620000000331e-02 3.628677460000000188e-03
7.283999999999998809e-02 2.171888949999999791e-02 3.715472809999999845e-03
7.317999999999999505e-02 1.351788760000000034e-02 3.614677250000000036e-03
7.351899999999998714e-02 1.696154420000000121e-02 3.632860710000000107e-03
7.385899999999998022e-02 1.567171980000000089e-02 3.616588500000000178e-03
7.419899999999998719e-02 9.817924999999998181e-03 3.298140350000000089e-03
7.453799999999999315e-02 1.149242429999999988e-02 3.532447110000000185e-03
7.487800000000001399e-02 1.763175440000000135e-02 3.362906809999999941e-03
7.521699999999999220e-02 9.634593039999996694e-03 3.421395570000000143e-03
7.555699999999998528e-02 9.540646069999998702e-03 3.368309229999999835e-03
7.589700000000002000e-02 6.638334339999997849e-03 3.411689580000000152e-03
7.623599999999998433e-02 1.380675000000000305e-02 3.138043840000000195e-03
7.657599999999999130e-02 9.930123259999994526e-03 3.379274629999999904e-03
7.691500000000001114e-02 5.493766120000001876e-03 3.230313140000000156e-03
7.725500000000001810e-02 1.126316640000000167e-02 3.150314679999999864e-03
7.759400000000001019e-02 7.604227780000000214e-03 3.241742509999999845e-03
7.793400000000000327e-02 1.141560170000000159e-02 3.181786240000000158e-03
7.827400000000001024e-02 9.610341129999998289e-03 3.102657280000000167e-03
7.861300000000001620e-02 1.167995460000000041e-02 3.092055250000000106e-03
7.895300000000000928e-02 8.865186250000002197e-03 3.128487819999999867e-03
7.929200000000001525e-02 1.063553520000000072e-02 3.151962629999999991e-03
7.963199999999999446e-02 7.733694330000000575e-03 3.149961760000000166e-03
7.997099999999998654e-02 9.931159450000000971e-03 2.968266780000000139e-03
8.031100000000000738e-02 6.656733749999999353e-03 2.922442329999999904e-03
8.065100000000000047e-02 8.266692109999997790e-03 3.045808589999999920e-03
8.099000000000000643e-02 1.490632649999999726e-02 2.872523230000000038e-03
8.133000000000001339e-02 2.105360550000000101e-03 2.941406550000000113e-03
8.166899999999999160e-02 6.867971809999998990e-03 3.029942639999999923e-03
8.200899999999998469e-02 9.150098530000002825e-03 2.816229740000000033e-03
8.234900000000001941e-02 6.531126400000000082e-03 3.060315479999999901e-03
8.268799999999998374e-02 1.592015449999999860e-02 2.950407419999999999e-03
8.302800000000001845e-02 9.781057549999996187e-03 2.854557289999999897e-03
8.336699999999999666e-02 1.201313979999999587e-02 2.971601119999999884e-03
8.370699999999998975e-02 8.921893629999996800e-03 2.920106229999999952e-03
8.404600000000000959e-02 8.553915270000002000e-03 2.833281159999999788e-03
8.438599999999998880e-02 7.191112490000002751e-03 2.630783880000000206e-03
8.472599999999999576e-02 8.624663469999998416e-03 2.648280060000000012e-03
8.506500000000001560e-02 7.596588680000002959e-03 2.813296509999999983e-03
8.540500000000000869e-02 8.586634470000001698e-03 2.660899659999999955e-03
8.574400000000001465e-02 6.751411109999998390e-03 2.797151949999999998e-03
8.608400000000000774e-02 2.493793629999998575e-03 2.645390059999999828e-03
8.642399999999998694e-02 6.343734120000001434e-03 2.721695609999999835e-03
8.676300000000002066e-02 6.821849900000001229e-03 2.635136540000000173e-03
8.710299999999999987e-02 6.582051579999998771e-03 2.591584569999999966e-03
8.744200000000001971e-02 4.438610559999999448e-03 2.580229670000000215e-03
8.778199999999999892e-02 7.180496979999996705e-03 2.699889840000000134e-03
8.812100000000001876e-02 1.131355409999999784e-02 2.676699060000000026e-03
8.846099999999999797e-02 9.981935469999999797e-03 2.639077860000000122e-03
8.880100000000000493e-02 1.145413789999999953e-02 2.507956889999999901e-03
8.914000000000001089e-02 5.961519110000002356e-03 2.524237290000000064e-03
8.948000000000001786e-02 5.867908360000002703e-03 2.680846069999999904e-03
8.981900000000000994e-02 6.948420920000000951e-03 2.667508710000000057e-03
9.015899999999998915e-02 6.122776929999997064e-03 2.589349190000000012e-03
9.049899999999998224e-02 5.064611989999997892e-03 2.669582839999999884e-03
9.083800000000001595e-02 9.843621660000002882e-03 2.469458180000000044e-03
9.117799999999999516e-02 5.140579259999999116e-03 2.501414369999999804e-03
9.151700000000000113e-02 3.400943669999999513e-03 2.545128829999999953e-03
9.185699999999998033e-02 6.222587519999996965e-03 2.426927680000000049e-03
9.219599999999998630e-02 8.652273680000002742e-03 2.581686200000000205e-03
9.253599999999997938e-02 1.073508379999999970e-02 2.378594449999999871e-03
9.287600000000000022e-02 3.672529049999998831e-03 2.484343200000000036e-03
9.321500000000000619e-02 5.529394899999997247e-03 2.430366729999999895e-03
9.355500000000001315e-02 5.855223910000002981e-03 2.306644090000000129e-03
9.389399999999999136e-02 6.290657849999999919e-03 2.313025460000000134e-03
9.423399999999999832e-02 7.933816220000002375e-03 2.424842019999999890e-03
9.457400000000000528e-02 5.617439710000000745e-03 2.510091490000000095e-03
9.491299999999998349e-02 5.212791869999997864e-03 2.286868799999999900e-03
9.525300000000000433e-02 3.850315359999999416e-03 2.489887730000000209e-03
9.559199999999998254e-02 1.776292409999999941e-03 2.221174590000000049e-03
9.593200000000001726e-02 5.899689749999998366e-03 2.357036649999999858e-03
9.627099999999999547e-02 9.000287089999996215e-03 2.432352190000000147e-03
9.661100000000000243e-02 6.236569019999999020e-03 2.486048629999999902e-03
9.695099999999998164e-02 8.401260379999999153e-03 2.339093850000000061e-03
9.728999999999997372e-02 1.241301249999999731e-02 2.485335579999999826e-03
9.762999999999996681e-02 5.415681230000001130e-03 2.303644829999999810e-03
9.796899999999998665e-02 8.122594140000001517e-03 2.416392099999999880e-03
9.830899999999997974e-02 4.701567280000000862e-03 2.330483850000000020e-03
9.864799999999999958e-02 4.383540520000001398e-03 2.253215700000000057e-03
9.898800000000000654e-02 9.065092220000001144e-03 2.494044170000000137e-03
9.932800000000001350e-02 4.917533949999999647e-03 2.217533739999999910e-03
9.966700000000000559e-02 6.783130920000001590e-03 2.448105170000000087e-03
1.000069999999999848e-01 3.290113040000001900e-03 2.399428659999999856e-03
1.003460000000000046e-01 9.131298069999996617e-03 2.293101090000000154e-03
1.006859999999999977e-01 8.180879590000003990e-03 2.209898560000000001e-03
1.010260000000000047e-01 5.791864839999997377e-03 2.288653089999999942e-03
1.013649999999999968e-01 4.285579639999999475e-03 2.180048339999999911e-03
1.017050000000000037e-01 3.137119420000000769e-03 2.129362100000000129e-03
1.020439999999999958e-01 4.680038920000001608e-03 2.290089129999999841e-03
1.023839999999999889e-01 7.049324599999999379e-03 2.202790300000000145e-03
1.027229999999999949e-01 3.134654380000001257e-03 2.073721690000000003e-03
1.030630000000000018e-01 3.428104409999999623e-03 2.104249439999999853e-03
1.034029999999999810e-01 8.823186109999997181e-03 1.944420290000000015e-03
1.037420000000000148e-01 3.500713249999998916e-03 2.149791409999999951e-03
1.040819999999999940e-01 3.860149340000001896e-03 2.119413899999999986e-03
1.044209999999999861e-01 5.339437360000001860e-03 2.027917619999999865e-03
1.047610000000000069e-01 4.843583779999997146e-03 2.139786460000000189e-03
1.051010000000000000e-01 9.801454959999999442e-04 2.229011410000000023e-03
1.054400000000000059e-01 1.759220099999999525e-03 2.297810400000000093e-03
1.057799999999999851e-01 1.578121480000000722e-04 2.179517179999999887e-03
1.061190000000000050e-01 3.883533470000000067e-03 2.095681879999999799e-03
1.064590000000000120e-01 4.863277699999999856e-03 2.265695800000000135e-03
1.067979999999999902e-01 9.112921060000001017e-03 2.219940220000000096e-03
1.071379999999999971e-01 4.338501190000001659e-03 2.269884560000000155e-03
1.078169999999999962e-01 2.903791229999999699e-03 2.164962859999999909e-03
1.081570000000000170e-01 5.117762239999997832e-03 2.181444700000000070e-03
1.084959999999999952e-01 2.472367459999999951e-03 2.085191100000000162e-03
1.088359999999999883e-01 7.983813839999996838e-04 2.172686579999999913e-03
1.091760000000000091e-01 7.162992069999997088e-03 2.076367899999999843e-03
1.095150000000000151e-01 1.368856219999999881e-03 2.181208210000000047e-03
1.098549999999999804e-01 5.018710299999997945e-03 2.026383359999999953e-03
1.101939999999999864e-01 5.533089390000002494e-03 2.176028439999999967e-03
1.105339999999999934e-01 4.892259679999999382e-03 2.098942859999999942e-03
1.108729999999999855e-01 6.806523119999998740e-03 2.173547589999999877e-03
1.112130000000000063e-01 4.670635750000000710e-03 1.970379449999999904e-03
1.115529999999999994e-01 5.415031800000000110e-03 1.887837700000000087e-03
1.118920000000000053e-01 6.206914499999998877e-03 2.152771480000000189e-03
1.122320000000000123e-01 5.179324149999999308e-03 2.204683700000000055e-03
1.125710000000000044e-01 5.995667629999998881e-03 2.063136960000000204e-03
1.129110000000000114e-01 5.134371289999999262e-03 2.108281259999999872e-03
1.132499999999999896e-01 1.449360509999999711e-03 2.083379470000000077e-03
1.135900000000000104e-01 2.538717219999999785e-03 2.096760709999999795e-03
1.142689999999999956e-01 3.351912259999998821e-03 2.031977899999999788e-03
1.146090000000000164e-01 5.437649009999999221e-03 2.073747099999999951e-03
1.149479999999999946e-01 4.619436470000000926e-03 2.017473520000000187e-03
1.152880000000000155e-01 3.979856479999998448e-03 1.985279029999999830e-03
1.156279999999999947e-01 6.033939360000001480e-03 2.055080679999999813e-03
1.159669999999999868e-01 1.851586740000000196e-03 1.947918170000000060e-03
1.163069999999999937e-01 6.081972320000000182e-03 2.014952219999999964e-03
1.166460000000000136e-01 1.422177539999999307e-03 1.935880050000000083e-03
1.169860000000000066e-01 5.752552430000001070e-03 1.927980610000000093e-03
1.173249999999999849e-01 1.246610300000000095e-03 2.113653530000000110e-03
1.176650000000000057e-01 5.307196389999999445e-03 1.912535570000000037e-03
1.183439999999999909e-01 1.718696699999999397e-03 2.089037089999999826e-03
1.190229999999999899e-01 1.944141850000000865e-03 1.937040880000000069e-03
1.197030000000000038e-01 2.702145570000000305e-03 2.090902290000000094e-03
1.200419999999999821e-01 3.369097279999999466e-03 1.849183849999999976e-03
1.203820000000000029e-01 2.877482480000000901e-03 2.015329990000000113e-03
1.207210000000000089e-01 3.330107339999999194e-03 2.168973549999999792e-03
1.210610000000000019e-01 1.993686729999999841e-03 1.986125059999999803e-03
1.213999999999999801e-01 7.912089269999998675e-03 1.931839760000000081e-03
1.217399999999999871e-01 4.401720299999998393e-03 2.019707669999999851e-03
1.220799999999999802e-01 4.655135620000000474e-03 1.963601499999999885e-03
1.224190000000000139e-01 2.827721970000000948e-03 1.941385660000000081e-03
1.227590000000000070e-01 6.606785830000001455e-03 2.026888269999999916e-03
1.230979999999999852e-01 3.669771799999999896e-03 1.911597820000000099e-03
1.234380000000000061e-01 1.562220800000000288e-03 1.938067020000000052e-03
1.241170000000000051e-01 1.981034479999999390e-03 1.905872569999999969e-03
1.244570000000000121e-01 2.470710050000000328e-03 1.917716369999999905e-03
1.247959999999999903e-01 2.585803869999998708e-05 1.874352130000000050e-03
1.251359999999999972e-01 5.733938839999999301e-03 1.839283919999999944e-03
1.254750000000000032e-01 4.468763800000001736e-03 1.847352949999999912e-03
1.258150000000000102e-01 3.622075319999999363e-03 1.790659879999999954e-03
1.261549999999999894e-01 2.086828889999999687e-03 2.007573789999999789e-03
1.264939999999999953e-01 2.121272780000000788e-03 1.923870590000000078e-03
1.268339999999999745e-01 3.132310380000000779e-03 1.896780119999999991e-03
1.271730000000000083e-01 4.752016389999998841e-03 1.972491030000000142e-03
1.275129999999999875e-01 7.214048199999999016e-04 1.941206449999999945e-03
1.278529999999999944e-01 9.593066699999997556e-04 1.854604560000000079e-03
1.281920000000000004e-01 3.946190359999999023e-03 1.943018329999999898e-03
1.285320000000000074e-01 3.120967949999999339e-03 1.919222620000000067e-03
1.288710000000000411e-01 8.311115940000001661e-04 1.732704909999999892e-03
1.292109999999999925e-01 5.881120139999999538e-03 1.984865509999999850e-03
1.295499999999999985e-01 2.523107739999999773e-03 1.889229079999999979e-03
1.298900000000000055e-01 3.622125850000001285e-03 1.850131729999999987e-03
1.302300000000000124e-01 1.473076920000000040e-03 1.825045310000000028e-03
1.305689999999999629e-01 1.011854799999999398e-04 1.830654219999999907e-03
1.309089999999999976e-01 5.049228209999998516e-03 1.769697040000000037e-03
1.312480000000000036e-01 3.565325809999998763e-03 1.830873329999999988e-03
1.315879999999999828e-01 3.475057139999998719e-04 1.874857530000000006e-03
1.319269999999999887e-01 2.654635020000001028e-03 1.850996219999999923e-03
1.322670000000000234e-01 2.050046199999999881e-03 1.799291719999999897e-03
1.326070000000000026e-01 6.205992720000001045e-03 1.736623079999999970e-03
1.329460000000000086e-01 1.368344320000000310e-03 1.829303349999999908e-03
1.332859999999999878e-01 2.143977039999999117e-04 1.814856020000000028e-03
1.336249999999999938e-01 3.122811159999998570e-03 1.747953410000000103e-03
1.339650000000000285e-01 2.169450119999998938e-03 1.780755069999999905e-03
1.343050000000000077e-01 1.174251850000000361e-03 1.764533790000000083e-03
1.346440000000000137e-01 3.683278009999999426e-03 1.851484939999999959e-03
1.356630000000000058e-01 1.520301579999999795e-03 1.824980240000000043e-03
1.360020000000000395e-01 4.269017400000001822e-03 1.850746699999999923e-03
1.363419999999999632e-01 2.036011649999999035e-03 1.804644339999999939e-03
1.366819999999999979e-01 3.493908690000001142e-03 1.832272389999999983e-03
1.373610000000000109e-01 1.831949089999999891e-03 1.697338829999999995e-03
1.376999999999999891e-01 2.118967509999999509e-03 1.773571490000000039e-03
1.383800000000000030e-01 4.840732239999998542e-03 1.832787410000000098e-03
1.390589999999999882e-01 1.600368700000000905e-03 1.702852730000000044e-03
1.393979999999999664e-01 4.656003690000000417e-03 1.738616600000000107e-03
1.397380000000000289e-01 2.753574049999999319e-03 1.823734839999999928e-03
1.400770000000000071e-01 2.663804990000000466e-03 1.832547400000000045e-03
1.404169999999999585e-01 4.609260750000000913e-03 1.911451279999999957e-03
1.407570000000000210e-01 2.629689680000000477e-03 1.762371279999999955e-03
1.410959999999999992e-01 1.565628419999999250e-04 1.884243689999999917e-03
1.414360000000000062e-01 4.690674019999998764e-03 1.847571180000000040e-03
1.417750000000000121e-01 1.019990980000000120e-03 1.845007249999999939e-03
1.421149999999999913e-01 3.434673389999998074e-03 1.958889689999999961e-03
1.424549999999999983e-01 7.607422939999998164e-04 1.823272010000000090e-03
1.431340000000000112e-01 1.458103190000000415e-04 1.809187810000000094e-03
1.434729999999999894e-01 1.562035070000000400e-03 1.709731819999999900e-03
1.438130000000000241e-01 2.446924879999998713e-03 2.015280759999999935e-03
1.441520000000000024e-01 1.097414149999999949e-03 1.841055799999999918e-03
1.444920000000000093e-01 3.420596960000000099e-04 1.839790860000000035e-03
1.448319999999999885e-01 2.255258510000000566e-03 1.897928120000000069e-03
1.451709999999999945e-01 4.163326010000001874e-03 1.888490210000000075e-03
1.458500000000000074e-01 1.248682860000000069e-04 1.811793309999999973e-03
1.465289999999999926e-01 1.012941840000000063e-04 1.831735469999999991e-03
1.468689999999999996e-01 6.487657350000000309e-04 1.918926270000000057e-03
1.472090000000000065e-01 1.281608459999999516e-03 1.825953539999999962e-03
1.475480000000000125e-01 3.466341970000001282e-03 1.888126319999999976e-03
1.482269999999999976e-01 1.528560599999999325e-03 1.927976500000000036e-03
1.485670000000000046e-01 1.358094439999999988e-03 1.847084809999999938e-03
1.489070000000000116e-01 1.548258110000000050e-03 1.936309160000000001e-03
1.492459999999999898e-01 9.381575560000000652e-04 1.969930380000000161e-03
1.495859999999999967e-01 2.185498079999998941e-03 1.877711069999999944e-03
1.502650000000000097e-01 2.674148419999999946e-03 1.903430279999999974e-03
1.506039999999999601e-01 2.196453349999999589e-03 1.785798600000000104e-03
1.512840000000000018e-01 3.922252390000000380e-03 1.935790479999999984e-03
1.516230000000000078e-01 2.969179190000000718e-03 1.908304580000000058e-03
1.519630000000000147e-01 2.072679669999999506e-03 1.895024390000000104e-03
1.523019999999999929e-01 3.526216809999999785e-03 1.910870700000000082e-03
1.529820000000000346e-01 1.559234410000000367e-03 1.949955559999999892e-03
1.533209999999999851e-01 3.029321600000000714e-04 1.785176330000000063e-03
1.539999999999999980e-01 1.602753670000000089e-03 1.911448610000000001e-03
1.546790000000000109e-01 4.063630979999997969e-04 1.905545960000000092e-03
1.553589999999999971e-01 1.256784919999999516e-03 2.034467449999999809e-03
1.556980000000000308e-01 1.767066999999999987e-03 1.897635099999999981e-03
1.560379999999999823e-01 4.324390810000001972e-03 1.958840329999999869e-03
1.563769999999999882e-01 1.077998889999999630e-03 1.959625820000000188e-03
1.567169999999999674e-01 1.534234860000000076e-04 1.806049890000000022e-03
1.570569999999999744e-01 6.703977719999998277e-04 1.808263839999999954e-03
1.573959999999999804e-01 1.519465329999999557e-03 1.972727100000000108e-03
1.577359999999999873e-01 4.939244469999997875e-03 2.004116189999999905e-03
1.580750000000000210e-01 1.099075139999999796e-03 1.921450400000000031e-03
1.584149999999999725e-01 2.516850470000000020e-04 1.853322159999999923e-03
1.590940000000000132e-01 3.759048869999999203e-03 1.884521820000000089e-03
1.594339999999999924e-01 1.703683159999999901e-04 1.879474799999999958e-03
1.601130000000000331e-01 2.754503499999999463e-03 2.042636080000000132e-03
1.604519999999999835e-01 2.865087689999999080e-03 1.864237180000000074e-03
1.611319999999999975e-01 1.082766970000000007e-03 1.739005399999999984e-03
1.614710000000000034e-01 8.869393839999996582e-04 1.940810540000000072e-03
1.621500000000000163e-01 4.858849430000001038e-03 1.977128199999999940e-03
1.624899999999999956e-01 2.893603610000001266e-03 2.043147480000000182e-03
1.628290000000000015e-01 5.199762049999999500e-04 1.798203719999999896e-03
1.631690000000000362e-01 3.588750569999998516e-03 1.999829069999999997e-03
1.638479999999999659e-01 3.098893199999999768e-03 1.886434169999999955e-03
1.641880000000000006e-01 1.401538489999999476e-03 1.942134990000000038e-03
1.648670000000000413e-01 7.973678750000001876e-04 1.883637000000000072e-03
1.655460000000000265e-01 6.356613760000002708e-04 1.885034139999999933e-03
1.658860000000000057e-01 3.817993119999998214e-03 1.921960450000000055e-03
1.669040000000000246e-01 3.544860849999998276e-03 1.982873259999999842e-03
1.672439999999999760e-01 1.910618769999999737e-03 1.993114490000000034e-03
1.675840000000000107e-01 2.756523340000000682e-03 1.964989510000000016e-03
1.679230000000000167e-01 4.909172800000000765e-04 2.044773860000000196e-03
1.692810000000000148e-01 9.809008429999999286e-04 2.013170570000000215e-03
1.696209999999999940e-01 5.921398140000000768e-03 1.923146269999999932e-03
1.699610000000000287e-01 9.484603410000000834e-04 1.866375989999999926e-03
1.703000000000000069e-01 1.785185179999999828e-03 1.880596900000000094e-03
1.706399999999999861e-01 2.973414779999999230e-03 2.145743199999999937e-03
1.709789999999999921e-01 1.584779649999999707e-03 1.753446320000000107e-03
1.713190000000000268e-01 2.614114319999999870e-03 2.011212660000000034e-03
1.716590000000000060e-01 4.821618629999999605e-04 1.948358340000000020e-03
1.719980000000000397e-01 6.306057279999999210e-04 1.878601400000000062e-03
1.726769999999999972e-01 1.300231920000000660e-03 1.963028339999999851e-03
1.730170000000000041e-01 2.502457930000000219e-03 1.858028799999999906e-03
1.733560000000000101e-01 9.134350390000002626e-04 2.005903050000000087e-03
1.740360000000000240e-01 2.130005079999999600e-03 2.017580780000000074e-03
1.743750000000000300e-01 3.189134510000000283e-03 1.924088110000000008e-03
1.747149999999999814e-01 1.847603590000000641e-03 1.682518449999999971e-03
1.764130000000000142e-01 1.835871149999999171e-03 1.894132399999999897e-03
1.767519999999999925e-01 1.954768840000000504e-03 1.787727899999999896e-03
1.770919999999999994e-01 7.550272870000003642e-05 1.935238259999999978e-03
1.774310000000000054e-01 1.159549699999999324e-03 1.993063069999999933e-03
1.781109999999999915e-01 3.503390810000000773e-04 1.825375369999999997e-03
1.791290000000000104e-01 9.607145270000002702e-05 1.981669640000000183e-03
1.798089999999999966e-01 9.556322410000000003e-04 1.963513850000000137e-03
1.801480000000000026e-01 2.323434590000000768e-03 1.998099909999999976e-03
1.804880000000000095e-01 3.008717999999999636e-03 1.982644689999999831e-03
