2.970999999999998815e-03 4.831988289999998756e+02 1.025630759999999952e+01
3.141000000000000996e-03 3.655981749999999124e+02 8.042253320000000372e+00
3.311000000000000575e-03 2.943183830000000398e+02 6.346940250000000283e+00
3.481000000000000587e-03 2.333847219999999254e+02 5.349809119999999751e+00
3.650999999999999732e-03 1.909748160000000041e+02 4.508625789999999967e+00
3.820000000000001346e-03 1.560822180000000117e+02 3.962425539999999913e+00
3.990000000000001358e-03 1.357001920000000439e+02 3.589075550000000003e+00
4.160000000000000503e-03 1.149825759999999661e+02 3.174142269999999932e+00
4.330000000000001383e-03 1.078793490000000048e+02 3.073032449999999915e+00
4.498999999999999527e-03 8.731475840000001654e+01 2.670739520000000145e+00
4.668999999999997805e-03 8.414739030000001208e+01 2.581746820000000220e+00
4.839000000000002154e-03 8.070854430000001400e+01 2.478504150000000017e+00
5.009000000000003033e-03 7.361471409999998627e+01 2.313699929999999849e+00
5.178999999999999576e-03 6.470010659999999802e+01 2.148729850000000052e+00
5.347999999999998588e-03 6.195913559999998910e+01 2.049880350000000018e+00
5.518000000000000335e-03 5.719922069999999081e+01 1.971581129999999904e+00
5.688000000000000347e-03 5.922765299999999655e+01 1.929161310000000018e+00
5.858000000000001227e-03 5.385882289999999273e+01 1.815446920000000075e+00
6.027999999999998637e-03 5.243576719999999369e+01 1.788820590000000044e+00
6.197000000000001119e-03 5.346588769999999613e+01 1.765599490000000049e+00
6.367000000000001998e-03 5.483777029999999542e+01 1.760882159999999974e+00
6.536999999999999408e-03 4.789531370000001687e+01 1.616837049999999998e+00
6.707000000000002023e-03 4.967334830000000068e+01 1.628172640000000060e+00
6.877000000000001168e-03 4.532492860000000690e+01 1.531537879999999907e+00
7.045999999999998445e-03 4.914287840000001495e+01 1.584722900000000045e+00
7.216000000000001059e-03 4.701620090000000829e+01 1.548546610000000046e+00
7.386000000000001071e-03 4.736045969999999983e+01 1.505784460000000102e+00
7.556000000000001084e-03 4.631573340000000627e+01 1.482614850000000040e+00
7.726000000000001096e-03 4.626079269999999610e+01 1.470177370000000039e+00
7.895000000000002710e-03 4.859112280000000794e+01 1.463348880000000074e+00
8.064999999999999253e-03 4.888747259999999528e+01 1.477816089999999916e+00
8.235000000000002734e-03 4.635677040000000204e+01 1.403367929999999930e+00
8.404999999999997543e-03 4.958284749999999264e+01 1.458830859999999952e+00
8.574000000000000024e-03 4.874058290000000682e+01 1.415431459999999975e+00
8.743999999999996567e-03 4.858816679999999621e+01 1.388841800000000015e+00
8.913999999999996579e-03 5.056372399999998635e+01 1.428808950000000078e+00
9.083999999999996591e-03 4.950404730000001052e+01 1.373844489999999974e+00
9.254000000000001808e-03 5.062679409999999791e+01 1.407863890000000007e+00
9.422999999999995616e-03 5.164625449999999773e+01 1.388365089999999968e+00
9.593000000000002567e-03 5.089383129999999511e+01 1.366618960000000049e+00
9.762999999999997375e-03 5.343160180000000281e+01 1.404595260000000012e+00
9.933000000000006061e-03 5.821303849999999613e+01 1.431194800000000100e+00
1.010299999999999913e-02 6.020795780000000263e+01 1.448812149999999965e+00
1.027200000000000162e-02 6.098051069999999640e+01 1.436966519999999914e+00
1.044200000000000163e-02 6.025527070000000407e+01 1.424722639999999929e+00
1.061200000000000164e-02 6.231641510000001460e+01 1.443853770000000036e+00
1.078200000000000165e-02 6.217794049999999118e+01 1.429818180000000050e+00
1.095199999999999819e-02 6.894390780000001939e+01 1.482824139999999957e+00
1.112099999999999894e-02 7.037080029999999908e+01 1.485523689999999952e+00
1.129099999999999722e-02 7.210569839999998010e+01 1.503153149999999938e+00
1.146100000000000070e-02 7.560391330000001631e+01 1.517288790000000054e+00
1.163100000000000071e-02 8.022081249999999386e+01 1.563684719999999917e+00
1.180000000000000319e-02 8.578067350000000602e+01 1.598999319999999891e+00
1.197000000000000321e-02 8.414319889999998736e+01 1.571142290000000052e+00
1.213999999999999801e-02 8.914261850000001175e+01 1.607237089999999924e+00
1.231000000000000150e-02 9.139947679999998797e+01 1.610113080000000085e+00
1.247999999999999977e-02 9.136006269999998608e+01 1.611357949999999928e+00
1.264899999999999879e-02 9.887856539999999939e+01 1.652569710000000081e+00
1.281900000000000400e-02 9.708946199999998328e+01 1.636860839999999984e+00
1.298900000000000055e-02 9.624325110000002326e+01 1.616656129999999969e+00
1.315900000000000056e-02 1.007892409999999614e+02 1.623065720000000045e+00
1.332899999999999884e-02 1.002808270000000022e+02 1.639253499999999919e+00
1.349799999999999785e-02 9.791120540000001427e+01 1.593029639999999914e+00
1.366800000000000133e-02 9.546536739999999099e+01 1.568089850000000007e+00
1.383799999999999614e-02 9.726208169999996755e+01 1.566623789999999961e+00
1.400799999999999788e-02 9.373658310000000426e+01 1.524104740000000069e+00
1.417800000000000137e-02 8.893963259999999593e+01 1.499828640000000046e+00
1.434700000000000038e-02 8.421466020000001151e+01 1.424070900000000028e+00
1.451699999999999866e-02 7.922214279999998610e+01 1.389404330000000076e+00
1.468699999999999867e-02 7.462674989999997877e+01 1.337968190000000002e+00
1.485699999999999868e-02 7.152644789999997954e+01 1.295663339999999941e+00
1.502699999999999869e-02 6.362224849999998355e+01 1.234152850000000079e+00
1.519600000000000291e-02 5.968283449999998425e+01 1.158253280000000052e+00
1.536599999999999772e-02 5.726318070000000660e+01 1.151655950000000095e+00
1.553600000000000293e-02 5.264478690000001393e+01 1.090050210000000019e+00
1.570599999999999774e-02 5.138312219999999542e+01 1.064005209999999924e+00
1.587500000000000022e-02 4.488848999999999023e+01 1.008423510000000078e+00
1.604500000000000023e-02 4.257398080000000817e+01 9.615816990000000120e-01
1.621499999999999678e-02 3.957147969999999759e+01 9.299120770000000036e-01
1.638499999999999679e-02 3.570855650000000026e+01 8.739679639999999861e-01
1.655500000000000027e-02 3.364187140000000653e+01 8.427069249999999956e-01
1.672399999999999581e-02 3.154079730000000481e+01 8.168331739999999952e-01
1.689400000000000276e-02 2.961802409999999242e+01 7.852860069999999526e-01
1.706399999999999931e-02 2.788140260000000126e+01 7.637265349999999842e-01
1.723399999999999932e-02 2.549558760000000035e+01 7.310267990000000049e-01
1.740399999999999933e-02 2.412363140000000072e+01 7.131059239999999466e-01
1.757299999999999487e-02 2.290738620000000125e+01 7.056541760000000219e-01
1.774299999999999836e-02 2.107647530000000202e+01 6.743613640000000187e-01
1.791300000000000184e-02 2.149669589999999886e+01 6.826919359999999992e-01
1.808299999999999838e-02 1.981084549999999567e+01 6.571401669999999973e-01
1.825300000000000186e-02 1.802032539999999727e+01 6.297703719999999672e-01
1.842200000000000087e-02 1.720566339999999883e+01 6.101829399999999515e-01
1.859200000000000089e-02 1.761121939999999952e+01 6.211178120000000469e-01
1.876199999999999743e-02 1.722936109999999488e+01 6.084400800000000498e-01
1.893200000000000438e-02 1.591152250000000379e+01 5.890432479999999638e-01
1.910200000000000092e-02 1.421403349999999755e+01 5.587835979999999925e-01
1.927099999999999647e-02 1.514757119999999979e+01 5.716560889999999784e-01
1.944099999999999648e-02 1.509526470000000309e+01 5.740535190000000121e-01
1.961099999999999649e-02 1.613273320000000410e+01 5.861281689999999767e-01
1.978099999999999997e-02 1.425216009999999756e+01 5.523749439999999788e-01
1.994999999999999551e-02 1.381067220000000439e+01 5.487708770000000458e-01
2.012000000000000247e-02 1.352991570000000010e+01 5.343675140000000434e-01
2.028999999999999901e-02 1.304409429999999759e+01 5.285558190000000378e-01
2.046000000000000249e-02 1.305062560000000182e+01 5.243902539999999446e-01
2.062999999999999903e-02 1.326728060000000298e+01 5.277597450000000023e-01
2.079900000000000151e-02 1.349222389999999905e+01 5.363061770000000505e-01
2.096900000000000153e-02 1.285645730000000064e+01 5.155070590000000452e-01
2.113899999999999807e-02 1.279616910000000374e+01 5.206339739999999994e-01
2.130899999999999461e-02 1.212221669999999918e+01 5.035278330000000357e-01
2.147900000000000156e-02 1.217298579999999930e+01 5.009621469999999688e-01
2.164800000000000058e-02 1.276519099999999796e+01 5.129306949999999921e-01
2.181800000000000406e-02 1.367039170000000148e+01 5.307673489999999994e-01
2.198799999999999713e-02 1.274975739999999824e+01 5.130263330000000011e-01
2.215800000000000061e-02 1.288735509999999884e+01 5.125171090000000262e-01
2.232799999999999715e-02 1.244842249999999950e+01 5.056777099999999470e-01
2.249699999999999617e-02 1.391082710000000233e+01 5.308723330000000296e-01
2.266700000000000312e-02 1.201897789999999766e+01 4.863724859999999928e-01
2.283699999999999619e-02 1.272892670000000059e+01 5.083483509999999761e-01
2.300699999999999967e-02 1.318119240000000403e+01 5.136713499999999710e-01
2.317699999999999622e-02 1.284597260000000318e+01 5.103695499999999496e-01
2.334599999999999870e-02 1.316166209999999559e+01 5.091709810000000225e-01
2.351599999999999871e-02 1.160950800000000172e+01 4.774471510000000141e-01
2.368599999999999872e-02 1.336475239999999687e+01 5.084484139999999597e-01
2.385599999999999873e-02 1.218994619999999607e+01 4.733122089999999837e-01
2.402500000000000122e-02 1.311420290000000044e+01 4.910573719999999920e-01
2.419499999999999776e-02 1.246450729999999929e+01 4.693892350000000158e-01
2.436500000000000124e-02 1.290979699999999930e+01 4.795438710000000104e-01
2.453499999999999778e-02 1.063626529999999804e+01 4.245708140000000186e-01
2.470500000000000126e-02 1.132241420000000254e+01 4.414671729999999905e-01
2.487399999999999334e-02 1.026479309999999856e+01 4.153367090000000261e-01
2.504400000000000376e-02 9.278236780000000294e+00 3.950086369999999958e-01
2.521400000000000724e-02 9.677868359999999726e+00 4.004022560000000119e-01
2.538400000000000725e-02 9.152081539999999293e+00 3.842308090000000065e-01
2.555400000000000726e-02 8.227775779999999983e+00 3.650751260000000276e-01
2.572300000000000281e-02 8.562810250000000067e+00 3.712487890000000235e-01
2.589300000000000282e-02 7.842042380000000534e+00 3.541895119999999841e-01
2.606299999999999936e-02 8.032041639999999205e+00 3.551439599999999808e-01
2.623300000000000284e-02 6.911772970000000349e+00 3.284348069999999953e-01
2.640300000000000286e-02 6.186979149999999095e+00 3.122719569999999889e-01
2.657199999999999493e-02 5.477109809999999968e+00 2.933620350000000210e-01
2.674199999999999841e-02 5.978494040000001064e+00 3.009415320000000116e-01
2.691200000000000189e-02 5.776250799999999685e+00 2.972648709999999861e-01
2.708200000000000190e-02 5.410529430000000417e+00 2.853316650000000121e-01
2.725100000000000092e-02 4.599382939999999920e+00 2.636301529999999782e-01
2.742100000000000093e-02 4.408192739999999610e+00 2.564151080000000027e-01
2.759099999999999400e-02 4.104096460000000057e+00 2.459497649999999869e-01
2.776100000000000789e-02 3.956917349999999445e+00 2.378831389999999935e-01
2.793100000000000097e-02 3.630522510000000036e+00 2.319456880000000110e-01
2.809999999999999304e-02 3.241295970000000359e+00 2.154196949999999944e-01
2.835500000000000867e-02 3.635089629999999516e+00 4.956535460000000004e-02
2.869499999999999135e-02 3.095758420000000122e+00 4.490070010000000306e-02
2.903400000000000078e-02 2.808221029999999896e+00 4.306414280000000344e-02
2.937400000000000080e-02 2.415337829999999908e+00 3.967242399999999780e-02
2.971299999999999983e-02 2.178540830000000206e+00 3.716246410000000056e-02
3.005299999999999985e-02 1.824551239999999908e+00 3.479535599999999951e-02
3.039300000000000335e-02 1.562791540000000090e+00 3.135909640000000137e-02
3.073199999999999890e-02 1.428428400000000043e+00 3.049955550000000085e-02
3.107199999999999199e-02 1.237873669999999926e+00 2.824549900000000030e-02
3.141100000000000142e-02 1.155348880000000023e+00 2.694681189999999921e-02
3.175100000000000838e-02 9.528408029999999584e-01 2.514588200000000134e-02
3.209000000000000741e-02 8.660694629999999838e-01 2.318471100000000021e-02
3.243000000000000049e-02 7.305137689999999795e-01 2.223900460000000079e-02
3.277000000000000052e-02 7.544111690000000481e-01 2.163116899999999870e-02
3.310900000000000648e-02 6.606671170000000259e-01 2.072737679999999902e-02
3.344899999999999957e-02 6.145408789999999843e-01 2.009641789999999997e-02
3.378799999999999165e-02 6.280360929999999620e-01 1.967950970000000022e-02
3.412799999999999861e-02 5.700141109999999900e-01 1.944690619999999912e-02
3.446800000000000558e-02 5.844120120000000362e-01 1.905447910000000050e-02
3.480699999999999766e-02 5.642237519999999673e-01 1.977768560000000078e-02
3.514700000000000463e-02 5.374709850000000122e-01 1.938626300000000080e-02
3.548599999999999671e-02 5.664057420000000453e-01 1.940750659999999905e-02
3.582599999999998980e-02 5.212194159999999910e-01 1.946601439999999864e-02
3.616500000000000270e-02 5.794736510000000340e-01 1.975616820000000023e-02
3.650500000000000966e-02 5.452577819999999686e-01 1.925797079999999953e-02
3.684500000000000275e-02 5.802187880000000408e-01 2.006451290000000123e-02
3.718400000000000177e-02 5.673276609999999831e-01 1.996024470000000092e-02
3.752400000000000180e-02 6.470958740000000153e-01 2.107360310000000111e-02
3.786300000000000776e-02 6.578153810000000323e-01 2.075378989999999979e-02
3.820300000000000779e-02 6.368342009999999886e-01 2.073365419999999987e-02
3.854300000000000781e-02 6.708217490000000227e-01 2.068606250000000132e-02
3.888199999999999990e-02 6.725874370000000102e-01 2.109490649999999981e-02
3.922199999999999992e-02 6.885419040000000379e-01 2.146992039999999838e-02
3.956099999999999201e-02 6.547050939999999875e-01 2.080879030000000116e-02
3.990099999999999203e-02 6.930714340000000417e-01 2.121253830000000007e-02
4.023999999999999105e-02 7.145668149999999663e-01 2.144541260000000157e-02
4.057999999999999802e-02 7.356535870000000532e-01 2.207863220000000001e-02
4.091999999999999110e-02 7.366864170000000378e-01 2.185255480000000000e-02
4.125900000000000400e-02 7.634680579999999495e-01 2.208518589999999837e-02
4.159900000000000403e-02 7.121950799999999804e-01 2.133320329999999904e-02
4.193800000000000305e-02 7.457718030000000109e-01 2.168571910000000047e-02
4.227800000000000308e-02 7.163380599999999987e-01 2.168283550000000073e-02
4.261799999999999616e-02 7.601782919999999777e-01 2.161319410000000010e-02
4.295699999999999519e-02 7.336225720000000283e-01 2.137440510000000043e-02
4.329700000000000909e-02 8.005306450000000407e-01 2.249363399999999846e-02
4.363599999999999424e-02 7.447956420000000355e-01 2.155322059999999901e-02
4.397599999999999426e-02 7.466385749999999710e-01 2.158138030000000124e-02
4.431499999999999329e-02 7.779117039999999816e-01 2.152340910000000163e-02
4.465500000000000025e-02 7.709241549999999998e-01 2.203068669999999965e-02
4.499500000000000721e-02 7.604998539999999752e-01 2.191227499999999842e-02
4.533399999999999236e-02 7.304076560000000162e-01 2.092799370000000131e-02
4.567399999999999932e-02 7.021360779999999968e-01 2.091997320000000063e-02
4.601299999999999141e-02 7.010591900000000543e-01 2.054894850000000064e-02
4.635299999999999143e-02 6.888738699999999993e-01 2.071207289999999965e-02
4.669200000000000433e-02 6.739451210000000358e-01 2.000101879999999915e-02
4.703200000000000436e-02 6.787926109999999902e-01 2.010765689999999967e-02
4.737200000000000438e-02 6.593293319999999902e-01 1.982700540000000011e-02
4.771100000000001035e-02 6.104931590000000075e-01 1.853919009999999840e-02
4.805099999999998955e-02 5.711922849999999663e-01 1.815897240000000079e-02
4.839000000000000246e-02 5.398516319999999702e-01 1.726921810000000071e-02
4.873000000000000942e-02 4.998354230000000009e-01 1.671903699999999909e-02
4.907000000000000250e-02 5.066053670000000286e-01 1.663115310000000055e-02
4.940900000000000847e-02 4.944901270000000015e-01 1.603214619999999979e-02
4.974900000000000155e-02 4.408125219999999844e-01 1.550331540000000029e-02
5.008800000000001446e-02 4.300932009999999805e-01 1.498064070000000060e-02
5.042799999999999366e-02 4.100579549999999740e-01 1.473313289999999935e-02
5.076700000000000657e-02 3.951374970000000042e-01 1.445962609999999933e-02
5.110700000000000659e-02 3.347963360000000277e-01 1.355173089999999955e-02
5.144699999999999968e-02 3.137666279999999919e-01 1.289487939999999985e-02
5.178599999999998482e-02 2.998599960000000175e-01 1.282059129999999977e-02
5.212600000000000566e-02 3.247953820000000213e-01 1.300848989999999969e-02
5.246499999999999775e-02 2.897982860000000160e-01 1.206507350000000055e-02
5.280499999999999083e-02 2.619798320000000236e-01 1.173798520000000033e-02
5.314499999999998392e-02 2.492176570000000368e-01 1.154834780000000075e-02
5.348400000000000376e-02 2.169106460000000125e-01 1.094698770000000071e-02
5.382399999999998991e-02 2.027364770000000260e-01 1.080286310000000069e-02
5.416300000000000281e-02 2.037281280000000083e-01 1.037537210000000036e-02
5.450300000000001671e-02 1.958463290000000134e-01 1.027224820000000038e-02
5.484200000000000880e-02 1.811780380000000135e-01 1.023385159999999974e-02
5.518199999999999494e-02 1.852437200000000006e-01 9.776843020000000259e-03
5.552199999999998803e-02 1.689631780000000194e-01 9.847768479999999616e-03
5.586100000000000093e-02 1.658128209999999991e-01 9.358067299999999963e-03
5.620099999999999402e-02 1.445172090000000076e-01 8.995810099999999518e-03
5.653999999999999998e-02 1.277376540000000060e-01 8.753888140000000775e-03
5.688000000000000000e-02 1.435164989999999918e-01 8.827373470000000194e-03
5.722000000000000697e-02 1.435738189999999914e-01 8.811679080000000761e-03
5.755899999999999211e-02 1.378366729999999929e-01 8.664447009999999560e-03
5.789899999999999214e-02 1.517193169999999924e-01 8.858319010000000743e-03
5.823800000000000504e-02 1.347415120000000355e-01 8.565649269999999621e-03
5.857800000000001200e-02 1.437369229999999887e-01 8.698677070000000733e-03
5.891699999999998327e-02 1.348019680000000220e-01 8.380486830000000512e-03
5.925699999999998330e-02 1.308433220000000119e-01 8.380529799999999682e-03
5.959700000000001108e-02 1.148730569999999868e-01 8.314230219999999699e-03
5.993600000000000316e-02 1.217415500000000178e-01 8.093145160000000601e-03
6.027600000000001013e-02 1.346107450000000039e-01 8.177943090000000526e-03
6.061500000000000915e-02 1.281409510000000029e-01 8.434854639999999487e-03
6.095499999999999530e-02 1.306214300000000106e-01 7.982120420000000591e-03
6.129400000000000126e-02 1.444502460000000044e-01 8.282072919999999491e-03
6.163399999999999435e-02 1.293223129999999943e-01 7.872469809999999360e-03
6.197400000000001519e-02 1.387224490000000254e-01 8.198437799999999664e-03
6.231300000000000727e-02 1.334862559999999976e-01 7.859356289999999343e-03
6.265299999999998648e-02 1.536088120000000112e-01 8.279801079999999508e-03
6.299200000000002020e-02 1.298071550000000074e-01 7.951651900000000425e-03
6.333200000000001328e-02 1.494495090000000082e-01 8.086048280000000810e-03
6.367200000000000637e-02 1.577371770000000339e-01 8.368752470000000859e-03
6.401099999999998458e-02 1.407858100000000112e-01 7.773418790000000134e-03
6.435100000000000542e-02 1.577251279999999922e-01 8.083943300000000221e-03
6.469000000000001138e-02 1.494844089999999848e-01 8.052712539999999641e-03
6.502999999999999059e-02 1.387521080000000129e-01 7.618206150000000031e-03
6.536899999999999655e-02 1.738673189999999924e-01 8.229006330000000063e-03
6.570900000000000352e-02 1.418037000000000047e-01 7.672343719999999596e-03
6.604899999999998272e-02 1.480180889999999916e-01 7.842775780000000099e-03
6.638799999999998869e-02 1.516836059999999986e-01 7.767604570000000326e-03
6.672799999999999565e-02 1.553380480000000063e-01 7.717969679999999756e-03
6.706699999999998774e-02 1.649654100000000345e-01 7.945511569999999177e-03
6.740699999999999470e-02 1.364618510000000229e-01 7.613511610000000054e-03
6.774700000000000166e-02 1.281017150000000049e-01 7.310892819999999584e-03
6.808600000000000763e-02 1.405883230000000150e-01 7.368394450000000269e-03
6.842600000000000071e-02 1.294030899999999984e-01 7.161822259999999808e-03
6.876500000000000667e-02 1.410701370000000121e-01 7.421968079999999822e-03
6.910499999999998588e-02 1.266627539999999885e-01 7.106370150000000142e-03
6.944400000000000572e-02 1.210256279999999962e-01 7.111109770000000399e-03
6.978399999999998493e-02 1.233373829999999949e-01 7.112912429999999897e-03
7.012399999999999189e-02 1.210375870000000020e-01 6.810624169999999686e-03
7.046299999999999786e-02 1.231849749999999882e-01 6.861273020000000118e-03
7.080300000000001870e-02 1.095817610000000136e-01 6.548599720000000159e-03
7.114199999999999691e-02 1.208914069999999924e-01 6.657879069999999948e-03
7.148199999999998999e-02 1.033824160000000186e-01 6.272455140000000005e-03
7.182200000000001083e-02 1.049484370000000055e-01 6.368781880000000395e-03
7.216100000000000292e-02 1.022129789999999816e-01 6.437529360000000291e-03
7.250099999999998213e-02 9.963037549999999298e-02 6.141586539999999671e-03
7.283999999999998809e-02 1.019461320000000087e-01 6.076191570000000208e-03
7.317999999999999505e-02 9.865584559999998615e-02 6.094404999999999788e-03
7.351899999999998714e-02 9.233537529999998050e-02 5.926975469999999982e-03
7.385899999999998022e-02 8.592023510000000586e-02 5.746901639999999617e-03
7.419899999999998719e-02 9.379903629999998549e-02 5.865195190000000239e-03
7.453799999999999315e-02 8.138409079999998907e-02 5.654037659999999743e-03
7.487800000000001399e-02 8.493539490000000247e-02 5.499096709999999957e-03
7.521699999999999220e-02 7.342262700000001807e-02 5.442598709999999645e-03
7.555699999999998528e-02 7.626898490000001696e-02 5.448834020000000410e-03
7.589700000000002000e-02 7.454190339999998416e-02 5.511596990000000064e-03
7.623599999999998433e-02 8.213356009999998875e-02 5.327332179999999875e-03
7.657599999999999130e-02 6.959050870000001165e-02 5.269862000000000157e-03
7.691500000000001114e-02 6.993856660000000169e-02 5.280544540000000307e-03
7.725500000000001810e-02 7.164233420000001851e-02 5.107895460000000214e-03
7.759400000000001019e-02 5.911331909999998496e-02 4.967372240000000189e-03
7.793400000000000327e-02 7.416350199999999226e-02 5.178860139999999848e-03
7.827400000000001024e-02 5.981851300000000371e-02 4.813006310000000378e-03
7.861300000000001620e-02 5.535666820000000043e-02 4.620530060000000057e-03
7.895300000000000928e-02 5.557684270000001064e-02 4.717725820000000063e-03
7.929200000000001525e-02 5.607815270000001545e-02 4.725514029999999983e-03
7.963199999999999446e-02 6.546131580000001671e-02 4.993147899999999736e-03
7.997099999999998654e-02 5.983264250000000506e-02 4.680626159999999591e-03
8.031100000000000738e-02 6.159145340000000274e-02 4.756871319999999778e-03
8.065100000000000047e-02 6.134125600000001066e-02 4.804470889999999834e-03
8.099000000000000643e-02 5.824920840000000211e-02 4.442033800000000018e-03
8.133000000000001339e-02 6.259167040000000737e-02 4.875341699999999855e-03
8.166899999999999160e-02 5.162175179999999725e-02 4.563925830000000079e-03
8.200899999999998469e-02 5.837438889999999742e-02 4.512198159999999611e-03
8.234900000000001941e-02 5.859239790000001641e-02 4.754016570000000122e-03
8.268799999999998374e-02 5.242264409999999875e-02 4.275208929999999713e-03
8.302800000000001845e-02 5.517562690000000353e-02 4.421564729999999908e-03
8.336699999999999666e-02 5.569696239999998716e-02 4.481519679999999665e-03
8.370699999999998975e-02 5.817088239999999161e-02 4.552244720000000154e-03
8.404600000000000959e-02 5.604816230000000954e-02 4.456647820000000405e-03
8.438599999999998880e-02 5.471804719999999456e-02 4.287611260000000028e-03
8.472599999999999576e-02 6.137895579999999573e-02 4.465003710000000139e-03
8.506500000000001560e-02 5.527728239999999543e-02 4.435658230000000257e-03
8.540500000000000869e-02 5.095862780000001702e-02 4.167749790000000419e-03
8.574400000000001465e-02 5.319723300000001043e-02 4.371075529999999924e-03
8.608400000000000774e-02 5.482458449999998845e-02 4.398733870000000150e-03
8.642399999999998694e-02 5.265075180000000632e-02 4.312142720000000304e-03
8.676300000000002066e-02 6.301938489999998894e-02 4.495581949999999903e-03
8.710299999999999987e-02 6.076910229999999552e-02 4.397189600000000337e-03
8.744200000000001971e-02 5.574883239999998963e-02 4.320875909999999896e-03
8.778199999999999892e-02 5.047608399999999051e-02 4.188703959999999851e-03
8.812100000000001876e-02 5.036719499999998961e-02 4.076112179999999939e-03
8.846099999999999797e-02 5.399872139999999099e-02 4.148392120000000266e-03
8.880100000000000493e-02 5.458016870000000770e-02 4.052591080000000033e-03
8.914000000000001089e-02 4.854878200000000560e-02 4.026926749999999722e-03
8.948000000000001786e-02 5.318090249999998798e-02 4.251486690000000346e-03
8.981900000000000994e-02 5.076000520000001348e-02 4.167281400000000247e-03
9.015899999999998915e-02 5.027277859999999127e-02 4.083937850000000230e-03
9.049899999999998224e-02 4.233532949999999767e-02 3.977125490000000402e-03
9.083800000000001595e-02 5.211207479999999115e-02 3.965731919999999910e-03
9.117799999999999516e-02 4.503901049999999018e-02 3.917997900000000193e-03
9.151700000000000113e-02 4.400036729999999563e-02 3.949566980000000262e-03
9.185699999999998033e-02 5.188108999999999082e-02 4.000644149999999649e-03
9.219599999999998630e-02 4.469872029999999441e-02 3.877116669999999821e-03
9.253599999999997938e-02 4.916689629999999173e-02 3.769465730000000174e-03
9.287600000000000022e-02 4.590743149999999134e-02 3.947976409999999839e-03
9.321500000000000619e-02 4.447412220000000749e-02 3.805999329999999996e-03
9.355500000000001315e-02 4.317675900000000899e-02 3.675193059999999970e-03
9.389399999999999136e-02 4.833990380000000031e-02 3.832760829999999879e-03
9.423399999999999832e-02 3.780505609999999100e-02 3.534046429999999905e-03
9.457400000000000528e-02 4.363014050000000449e-02 3.828567900000000041e-03
9.491299999999998349e-02 5.085250930000000114e-02 3.879399410000000051e-03
9.525300000000000433e-02 3.293573929999999567e-02 3.552280059999999868e-03
9.559199999999998254e-02 4.111281769999999836e-02 3.659014539999999940e-03
9.593200000000001726e-02 3.822627929999999896e-02 3.534373099999999976e-03
9.627099999999999547e-02 3.837065419999999283e-02 3.532299029999999909e-03
9.661100000000000243e-02 3.482315590000000655e-02 3.530690669999999882e-03
9.695099999999998164e-02 3.865533150000000778e-02 3.470810579999999805e-03
9.728999999999997372e-02 3.812216639999999740e-02 3.463066519999999978e-03
9.762999999999996681e-02 4.286672579999999122e-02 3.624083479999999982e-03
9.796899999999998665e-02 4.101468910000000134e-02 3.604750030000000195e-03
9.830899999999997974e-02 3.512966060000000112e-02 3.445994129999999881e-03
9.864799999999999958e-02 3.827299980000000573e-02 3.479666409999999845e-03
9.898800000000000654e-02 3.467105980000000781e-02 3.449776649999999889e-03
9.932800000000001350e-02 3.170468060000000698e-02 3.245909490000000158e-03
9.966700000000000559e-02 3.681768629999999931e-02 3.530837939999999925e-03
1.000069999999999848e-01 3.447227829999999910e-02 3.490295709999999794e-03
1.003460000000000046e-01 3.062125159999999277e-02 3.155677229999999910e-03
1.006859999999999977e-01 3.557461260000000652e-02 3.265242509999999928e-03
1.010260000000000047e-01 3.365151749999999858e-02 3.322422069999999943e-03
1.013649999999999968e-01 3.803868690000000718e-02 3.410126559999999800e-03
1.017050000000000037e-01 3.189477999999999064e-02 3.211842569999999800e-03
1.020439999999999958e-01 2.973989210000000175e-02 3.243004900000000159e-03
1.023839999999999889e-01 3.449108680000000787e-02 3.233732500000000183e-03
1.027229999999999949e-01 2.883906730000000002e-02 3.086905149999999865e-03
1.030630000000000018e-01 2.946254209999999221e-02 3.107807980000000178e-03
1.034029999999999810e-01 3.252733000000000013e-02 2.931710030000000012e-03
1.037420000000000148e-01 3.685834319999999054e-02 3.358286749999999862e-03
1.040819999999999940e-01 3.195282700000000309e-02 3.168681840000000128e-03
1.044209999999999861e-01 3.374694470000001029e-02 3.124471609999999924e-03
1.047610000000000069e-01 2.701306710000000305e-02 3.014809609999999970e-03
1.051010000000000000e-01 2.460205379999999206e-02 3.113344950000000201e-03
1.054400000000000059e-01 2.563211789999999754e-02 3.181970619999999802e-03
1.057799999999999851e-01 2.438524329999999449e-02 3.076843389999999855e-03
1.061190000000000050e-01 2.610826469999999802e-02 2.981217039999999822e-03
1.064590000000000120e-01 2.516452469999999955e-02 3.043634740000000002e-03
1.067979999999999902e-01 3.088475049999999528e-02 3.060013769999999841e-03
1.071379999999999971e-01 2.795783259999999604e-02 3.141176319999999886e-03
1.074780000000000041e-01 2.676637029999999820e-02 3.080666750000000172e-03
1.078169999999999962e-01 2.275740050000000028e-02 2.951446940000000078e-03
1.081570000000000170e-01 3.154804440000000265e-02 3.132334080000000187e-03
1.084959999999999952e-01 3.069230669999999453e-02 3.125245980000000007e-03
1.088359999999999883e-01 2.515803860000000169e-02 3.068418280000000022e-03
1.091760000000000091e-01 2.786635269999999942e-02 2.892772980000000039e-03
1.095150000000000151e-01 2.836269849999999842e-02 3.150839710000000096e-03
1.098549999999999804e-01 2.495259139999999806e-02 2.816494709999999881e-03
1.101939999999999864e-01 2.624083459999999868e-02 2.972993650000000168e-03
1.105339999999999934e-01 2.640615820000000169e-02 2.927173580000000212e-03
1.108729999999999855e-01 2.054746789999999795e-02 2.751135410000000135e-03
1.112130000000000063e-01 2.934315960000000167e-02 2.917202329999999798e-03
1.115529999999999994e-01 2.941315300000000091e-02 2.823969280000000141e-03
1.118920000000000053e-01 2.675607809999999698e-02 2.946245399999999817e-03
1.122320000000000123e-01 2.034599590000000374e-02 2.812599079999999942e-03
1.125710000000000044e-01 2.377440540000000380e-02 2.776536909999999855e-03
1.129110000000000114e-01 2.003958970000000242e-02 2.721481569999999878e-03
1.132499999999999896e-01 2.028227230000000450e-02 2.804435049999999888e-03
1.135900000000000104e-01 2.686567410000000045e-02 2.990011209999999912e-03
1.139300000000000035e-01 2.207297390000000775e-02 2.869245409999999965e-03
1.142689999999999956e-01 2.602834100000000692e-02 2.883792359999999902e-03
1.146090000000000164e-01 2.318770939999999919e-02 2.775916419999999857e-03
1.149479999999999946e-01 2.038193399999999739e-02 2.662160389999999963e-03
1.152880000000000155e-01 2.164696070000000222e-02 2.693369120000000099e-03
1.156279999999999947e-01 2.334433350000000157e-02 2.735549460000000210e-03
1.159669999999999868e-01 1.627706740000000457e-02 2.553064409999999951e-03
1.163069999999999937e-01 2.708336560000000268e-02 2.816595940000000010e-03
1.166460000000000136e-01 1.502964030000000263e-02 2.511368769999999893e-03
1.169860000000000066e-01 1.747246510000000433e-02 2.453328619999999970e-03
1.173249999999999849e-01 1.916137429999999545e-02 2.779967239999999850e-03
1.176650000000000057e-01 2.127380820000000436e-02 2.576761959999999962e-03
1.180049999999999988e-01 1.896254249999999864e-02 2.708491930000000124e-03
1.183439999999999909e-01 1.734430389999999655e-02 2.696380869999999950e-03
1.186839999999999978e-01 1.778688200000000039e-02 2.727873220000000005e-03
1.190229999999999899e-01 2.212869179999999922e-02 2.709217079999999989e-03
1.193629999999999969e-01 1.861827470000000304e-02 2.709557280000000207e-03
1.197030000000000038e-01 1.274472800000000031e-02 2.523930450000000120e-03
1.200419999999999821e-01 2.276484849999999352e-02 2.610476249999999897e-03
1.203820000000000029e-01 2.006899919999999629e-02 2.671814399999999923e-03
1.207210000000000089e-01 1.124409680000000231e-02 2.532240790000000151e-03
1.210610000000000019e-01 1.549349410000000135e-02 2.534824159999999986e-03
1.213999999999999801e-01 2.146885619999999717e-02 2.499984480000000051e-03
1.217399999999999871e-01 1.691373810000000241e-02 2.541813799999999811e-03
1.220799999999999802e-01 1.655851739999999669e-02 2.463313480000000211e-03
1.224190000000000139e-01 1.552477179999999998e-02 2.472218420000000041e-03
1.227590000000000070e-01 1.785357609999999734e-02 2.506411840000000169e-03
1.230979999999999852e-01 1.464534930000000075e-02 2.384566360000000152e-03
1.234380000000000061e-01 1.864070069999999857e-02 2.596273410000000167e-03
1.237779999999999991e-01 1.751805310000000351e-02 2.436792340000000067e-03
1.241170000000000051e-01 1.500050240000000423e-02 2.443816330000000113e-03
1.244570000000000121e-01 1.461789970000000084e-02 2.420900430000000152e-03
1.247959999999999903e-01 1.379525300000000211e-02 2.433978170000000024e-03
1.251359999999999972e-01 1.949336239999999512e-02 2.417098439999999879e-03
1.254750000000000032e-01 1.744015899999999675e-02 2.384093459999999786e-03
1.258150000000000102e-01 1.972771909999999906e-02 2.443185650000000066e-03
1.261549999999999894e-01 1.170189700000000103e-02 2.415943199999999891e-03
1.264939999999999953e-01 1.488637380000000163e-02 2.442638610000000179e-03
1.268339999999999745e-01 1.762359949999999995e-02 2.476086299999999841e-03
1.271730000000000083e-01 1.078390400000000041e-02 2.272941300000000213e-03
1.275129999999999875e-01 1.288273300000000385e-02 2.433071120000000146e-03
1.278529999999999944e-01 1.645124109999999973e-02 2.457958179999999819e-03
1.281920000000000004e-01 1.135196689999999793e-02 2.287781540000000027e-03
1.285320000000000074e-01 1.167113089999999818e-02 2.300454810000000187e-03
1.288710000000000411e-01 1.588801970000000216e-02 2.344297469999999817e-03
1.292109999999999925e-01 1.240789899999999828e-02 2.304140330000000077e-03
1.295499999999999985e-01 1.280030210000000258e-02 2.323198590000000088e-03
1.298900000000000055e-01 1.374895810000000343e-02 2.287147790000000104e-03
1.302300000000000124e-01 1.658155080000000073e-02 2.411398830000000080e-03
1.305689999999999629e-01 1.107256199999999934e-02 2.291033730000000164e-03
1.309089999999999976e-01 1.759083440000000498e-02 2.295125299999999959e-03
1.312480000000000036e-01 1.732978030000000003e-02 2.379028110000000040e-03
1.315879999999999828e-01 1.221727530000000367e-02 2.350525210000000038e-03
1.319269999999999887e-01 1.028994129999999917e-02 2.201579200000000017e-03
1.322670000000000234e-01 1.043757729999999877e-02 2.178754350000000096e-03
1.326070000000000026e-01 1.385643450000000401e-02 2.102701539999999800e-03
1.329460000000000086e-01 1.650601050000000472e-02 2.410773289999999878e-03
1.332859999999999878e-01 1.111719190000000010e-02 2.265378519999999840e-03
1.336249999999999938e-01 1.370570000000000122e-02 2.200663040000000112e-03
1.339650000000000285e-01 1.337455330000000310e-02 2.250588930000000168e-03
1.343050000000000077e-01 1.299708509999999984e-02 2.242227130000000197e-03
1.346440000000000137e-01 9.827913890000003136e-03 2.152536320000000055e-03
1.349839999999999929e-01 9.279749780000002418e-03 2.246079309999999846e-03
1.353229999999999988e-01 1.386749359999999917e-02 2.306299419999999992e-03
1.356630000000000058e-01 1.178730330000000298e-02 2.261906040000000000e-03
1.360020000000000395e-01 1.144079660000000241e-02 2.189539519999999986e-03
1.363419999999999632e-01 1.204398199999999822e-02 2.241527699999999908e-03
1.366819999999999979e-01 1.274509090000000046e-02 2.241436729999999981e-03
1.370210000000000039e-01 1.029643399999999841e-02 2.200697580000000007e-03
1.373610000000000109e-01 1.338468940000000183e-02 2.200957810000000146e-03
1.376999999999999891e-01 9.108842699999996143e-03 2.111374379999999846e-03
1.380399999999999683e-01 6.918929740000002993e-03 2.254644699999999898e-03
1.383800000000000030e-01 1.119298070000000235e-02 2.150593479999999939e-03
1.387190000000000367e-01 9.635337910000001463e-03 2.251904720000000044e-03
1.390589999999999882e-01 1.170235149999999599e-02 2.161747199999999956e-03
1.393979999999999664e-01 1.241975759999999762e-02 2.114286249999999812e-03
1.397380000000000289e-01 1.010307889999999785e-02 2.181379690000000062e-03
1.400770000000000071e-01 8.045203710000000535e-03 2.118573979999999884e-03
1.404169999999999585e-01 9.778442160000001132e-03 2.195449510000000055e-03
1.407570000000000210e-01 1.085800180000000108e-02 2.161317030000000153e-03
1.410959999999999992e-01 1.000747820000000114e-02 2.321972800000000111e-03
1.414360000000000062e-01 1.307303240000000366e-02 2.248946510000000062e-03
1.417750000000000121e-01 8.555604469999996894e-03 2.211635510000000120e-03
1.421149999999999913e-01 9.590424720000005968e-03 2.276831860000000027e-03
1.424549999999999983e-01 8.268565380000003975e-03 2.188172090000000021e-03
1.427940000000000043e-01 9.834360659999995952e-03 2.322131739999999927e-03
1.431340000000000112e-01 1.025463149999999990e-02 2.272012270000000125e-03
1.434729999999999894e-01 1.289768019999999911e-02 2.236431489999999873e-03
1.438130000000000241e-01 4.732971879999998098e-03 2.192889850000000022e-03
