3.141000000000000996e-03 3.849889610000000317e+01 4.595014220000000371e+00
3.311000000000000575e-03 4.235005259999999083e+01 3.236474729999999855e+00
3.481000000000000587e-03 3.681511230000000978e+01 2.530483139999999853e+00
3.650999999999999732e-03 3.793812280000000214e+01 2.245652660000000189e+00
3.820000000000001346e-03 3.866285449999999457e+01 1.943514680000000050e+00
3.990000000000001358e-03 3.451960639999999358e+01 1.780415459999999950e+00
4.160000000000000503e-03 3.300647819999998944e+01 1.626730809999999972e+00
4.330000000000001383e-03 3.251340630000000687e+01 1.612432770000000071e+00
4.498999999999999527e-03 3.032542289999999952e+01 1.458836070000000040e+00
4.668999999999997805e-03 3.072850909999999303e+01 1.468821930000000053e+00
4.839000000000002154e-03 3.092072479999999501e+01 1.413478529999999900e+00
5.009000000000003033e-03 2.785594470000000200e+01 1.317157759999999955e+00
5.178999999999999576e-03 2.741223910000000430e+01 1.324751489999999920e+00
5.347999999999998588e-03 2.701562269999999799e+01 1.229557299999999964e+00
5.518000000000000335e-03 2.690635589999999766e+01 1.177651779999999926e+00
5.688000000000000347e-03 2.877682340000000139e+01 1.239223399999999975e+00
5.858000000000001227e-03 2.451059920000000147e+01 1.129221529999999918e+00
6.027999999999998637e-03 2.534271489999999716e+01 1.120470810000000039e+00
6.197000000000001119e-03 2.535360530000000878e+01 1.048236249999999981e+00
6.367000000000001998e-03 2.288745840000000698e+01 1.024556559999999950e+00
6.536999999999999408e-03 2.081899689999999481e+01 9.605131850000000471e-01
6.707000000000002023e-03 2.100970129999999969e+01 9.480705780000000527e-01
6.877000000000001168e-03 2.165004659999999603e+01 9.476968909999999857e-01
7.045999999999998445e-03 2.153753489999999715e+01 9.156588639999999613e-01
7.216000000000001059e-03 2.045016510000000309e+01 9.188281710000000269e-01
7.386000000000001071e-03 1.935001869999999968e+01 8.528394519999999979e-01
7.556000000000001084e-03 1.898330720000000227e+01 8.459073750000000169e-01
7.726000000000001096e-03 1.804604749999999669e+01 8.071821510000000144e-01
7.895000000000002710e-03 1.873537560000000113e+01 8.246023420000000437e-01
8.320000000000001006e-03 1.446103999999999878e+01 2.205475869999999894e-01
8.659000000000000030e-03 1.303335869999999908e+01 1.749400899999999925e-01
8.999000000000003524e-03 1.217673430000000145e+01 1.429189620000000105e-01
9.337999999999997344e-03 1.148823209999999939e+01 1.298793390000000103e-01
9.677999999999995634e-03 1.094315200000000132e+01 1.236955099999999946e-01
1.001800000000000260e-02 1.015158500000000075e+01 1.153118449999999962e-01
1.035700000000000162e-02 9.594172379999999833e+00 1.097105240000000037e-01
1.069699999999999818e-02 9.169754559999999444e+00 1.054247839999999936e-01
1.103600000000000241e-02 8.700099659999999346e+00 1.012085390000000001e-01
1.137600000000000243e-02 8.233430909999999159e+00 9.690582620000000313e-02
1.171599999999999898e-02 7.775970490000000623e+00 9.024635039999999442e-02
1.205500000000000148e-02 7.391957529999999110e+00 8.953892589999999652e-02
1.239499999999999803e-02 7.048634440000000723e+00 8.491410850000000177e-02
1.273399999999999879e-02 6.593694490000000741e+00 8.209654389999999913e-02
1.307400000000000055e-02 6.346912789999999305e+00 7.791190459999999818e-02
1.341300000000000131e-02 6.010209770000000340e+00 7.565819279999999591e-02
1.375299999999999613e-02 5.751821849999998904e+00 7.285791569999999773e-02
1.409299999999999962e-02 5.345921650000000191e+00 6.926176509999999731e-02
1.443199999999999691e-02 5.228606540000000358e+00 6.840302410000000111e-02
1.477199999999999694e-02 4.824994610000000073e+00 6.364308439999999401e-02
1.511100000000000290e-02 4.686355070000000289e+00 6.303084150000000385e-02
1.545099999999999772e-02 4.387435710000000100e+00 6.017029749999999733e-02
1.579099999999999948e-02 4.285657370000000022e+00 5.794222549999999972e-02
1.613000000000000198e-02 3.988899969999999851e+00 5.637873470000000220e-02
1.646999999999999853e-02 3.769625500000000073e+00 5.332033259999999913e-02
1.680900000000000102e-02 3.648201110000000469e+00 5.328457140000000120e-02
1.714900000000000105e-02 3.525983880000000514e+00 5.132240450000000176e-02
1.748800000000000354e-02 3.290330220000000416e+00 4.888374659999999983e-02
1.782800000000000357e-02 3.115048139999999854e+00 4.789470760000000271e-02
1.816800000000000359e-02 2.994508999999999865e+00 4.575733910000000237e-02
1.850700000000000262e-02 2.864167000000000129e+00 4.467229739999999810e-02
1.884699999999999570e-02 2.657720129999999958e+00 4.256796620000000142e-02
1.918599999999999819e-02 2.496656139999999802e+00 4.110146089999999752e-02
1.952599999999999822e-02 2.409590300000000074e+00 4.021284340000000346e-02
1.986600000000000518e-02 2.263083449999999885e+00 3.826986069999999823e-02
2.020500000000000421e-02 2.188022090000000031e+00 3.732659210000000005e-02
2.054500000000000076e-02 2.075557250000000131e+00 3.646957850000000223e-02
2.088400000000000326e-02 1.912785680000000044e+00 3.524429910000000110e-02
2.122400000000000328e-02 1.788623520000000022e+00 3.352566390000000229e-02
2.156300000000000230e-02 1.786629519999999971e+00 3.325787479999999657e-02
2.190299999999999539e-02 1.643051669999999964e+00 3.147299810000000336e-02
2.224299999999999888e-02 1.525542210000000010e+00 3.007698799999999895e-02
2.258199999999999791e-02 1.451246819999999937e+00 2.942756250000000059e-02
2.292200000000000487e-02 1.313352670000000000e+00 2.769664009999999940e-02
2.326099999999999696e-02 1.287792959999999987e+00 2.767283679999999954e-02
2.360099999999999698e-02 1.165351210000000082e+00 2.594150669999999853e-02
2.394100000000000394e-02 1.108412090000000072e+00 2.535063129999999901e-02
2.427999999999999950e-02 1.019098059999999917e+00 2.420547779999999982e-02
2.461999999999999605e-02 9.685287980000000241e-01 2.321267639999999993e-02
2.495899999999999508e-02 8.333371830000000369e-01 2.213040949999999993e-02
2.529899999999999857e-02 7.911034070000000362e-01 2.115153100000000119e-02
2.563799999999999760e-02 7.302219580000000043e-01 2.072857410000000095e-02
2.597800000000000456e-02 6.925848350000000098e-01 1.988836670000000001e-02
2.631800000000000458e-02 6.075434849999999942e-01 1.844016160000000112e-02
2.665699999999999667e-02 5.566786999999999708e-01 1.820516850000000048e-02
2.699700000000000710e-02 5.253591530000000231e-01 1.727113140000000047e-02
2.733600000000000613e-02 4.319919039999999821e-01 1.639629000000000086e-02
2.767599999999999574e-02 3.834789490000000134e-01 1.525200160000000048e-02
2.801500000000000171e-02 3.727969859999999969e-01 1.487644580000000057e-02
2.835500000000000867e-02 3.063172679999999759e-01 1.391948730000000002e-02
2.869499999999999135e-02 2.808286420000000172e-01 1.349016419999999987e-02
2.903400000000000078e-02 2.486972709999999698e-01 1.290970850000000038e-02
2.937400000000000080e-02 2.357179150000000001e-01 1.250995249999999927e-02
2.971299999999999983e-02 1.958918340000000147e-01 1.188034890000000052e-02
3.005299999999999985e-02 1.975442430000000082e-01 1.204314899999999952e-02
3.039300000000000335e-02 1.786393160000000202e-01 1.097100500000000069e-02
3.073199999999999890e-02 1.573710360000000197e-01 1.046603270000000079e-02
3.107199999999999199e-02 1.534205719999999773e-01 1.059266719999999926e-02
3.141100000000000142e-02 1.361094720000000091e-01 1.041215380000000065e-02
3.175100000000000838e-02 1.139498040000000156e-01 9.689584989999999731e-03
3.209000000000000741e-02 1.018148539999999963e-01 9.560178969999999499e-03
3.243000000000000049e-02 1.053681620000000013e-01 9.557903959999999172e-03
3.277000000000000052e-02 8.553600239999999133e-02 9.082358829999999730e-03
3.310900000000000648e-02 8.584005119999998934e-02 9.059429169999999240e-03
3.344899999999999957e-02 8.049026760000001224e-02 8.981541699999999809e-03
3.378799999999999165e-02 8.157404199999999939e-02 8.998948309999999298e-03
3.412799999999999861e-02 6.669672400000001278e-02 9.232783090000000123e-03
3.446800000000000558e-02 6.188175969999999693e-02 8.966272480000000641e-03
3.480699999999999766e-02 8.818107660000000514e-02 8.887128149999999616e-03
3.514700000000000463e-02 7.164745609999999265e-02 9.042988230000000016e-03
3.548599999999999671e-02 7.786726049999999344e-02 9.304639450000000769e-03
3.582599999999998980e-02 6.732981820000001616e-02 8.950185269999999180e-03
3.616500000000000270e-02 6.334959730000000455e-02 9.637994960000000055e-03
3.650500000000000966e-02 7.357552050000001898e-02 9.432559590000000327e-03
3.684500000000000275e-02 8.071226530000001620e-02 9.420590680000000272e-03
3.718400000000000177e-02 6.703829529999998094e-02 9.467974319999999250e-03
3.752400000000000180e-02 7.761852880000001675e-02 9.184914140000000060e-03
3.786300000000000776e-02 6.622622820000001465e-02 9.388115390000000005e-03
3.820300000000000779e-02 8.453387369999999790e-02 9.729701579999999739e-03
3.854300000000000781e-02 7.691834019999999050e-02 9.443882569999999255e-03
3.888199999999999990e-02 6.833884140000000273e-02 9.553191480000000624e-03
3.922199999999999992e-02 7.699975589999998038e-02 9.718340710000000424e-03
3.956099999999999201e-02 7.874784859999998943e-02 8.995668570000000391e-03
3.990099999999999203e-02 9.729863610000001606e-02 9.808500109999999939e-03
4.023999999999999105e-02 9.457628160000002004e-02 9.712783390000000183e-03
4.057999999999999802e-02 1.075833090000000158e-01 9.722209469999999742e-03
4.091999999999999110e-02 9.881853659999999262e-02 9.617238709999999940e-03
4.125900000000000400e-02 9.548405980000000681e-02 9.626382850000000241e-03
4.159900000000000403e-02 7.565248269999999553e-02 9.396542560000000280e-03
4.193800000000000305e-02 1.199400879999999864e-01 9.666984349999999462e-03
4.227800000000000308e-02 9.406028329999999160e-02 9.890640239999999930e-03
4.261799999999999616e-02 8.462385250000001302e-02 9.265653429999999580e-03
4.295699999999999519e-02 8.440405000000000824e-02 9.355593489999999499e-03
4.329700000000000909e-02 8.165430519999998527e-02 9.628423400000000673e-03
4.363599999999999424e-02 9.708880490000000585e-02 9.366288400000000527e-03
4.397599999999999426e-02 9.923488509999998930e-02 9.642835230000000590e-03
4.431499999999999329e-02 8.779067350000001324e-02 9.206444649999999397e-03
4.465500000000000025e-02 6.882267059999999659e-02 9.489645149999999946e-03
4.499500000000000721e-02 1.059814389999999829e-01 9.248468569999999597e-03
4.533399999999999236e-02 7.733975249999999746e-02 9.347928090000000648e-03
4.567399999999999932e-02 8.036338749999999420e-02 9.536634730000000115e-03
4.601299999999999141e-02 7.540648670000001108e-02 9.024250589999999531e-03
4.635299999999999143e-02 7.896825129999998638e-02 8.754746670000000675e-03
4.669200000000000433e-02 1.006665109999999863e-01 9.390632350000000655e-03
4.703200000000000436e-02 7.767269280000001219e-02 8.509133760000000754e-03
4.737200000000000438e-02 7.871903079999999220e-02 8.635206410000000402e-03
4.771100000000001035e-02 6.935846930000000299e-02 8.320456520000000036e-03
4.805099999999998955e-02 7.224796869999999815e-02 8.183975850000000524e-03
4.839000000000000246e-02 6.397276880000000998e-02 7.637415780000000182e-03
4.873000000000000942e-02 5.720836339999998271e-02 7.728574759999999773e-03
4.907000000000000250e-02 5.789717830000001147e-02 7.536960419999999723e-03
4.940900000000000847e-02 5.404647810000000330e-02 7.440004459999999958e-03
4.974900000000000155e-02 6.258500969999999941e-02 7.180923169999999835e-03
5.008800000000001446e-02 5.527976759999999462e-02 7.354014950000000404e-03
5.042799999999999366e-02 5.459465649999999115e-02 7.053483380000000365e-03
5.076700000000000657e-02 5.070972289999998994e-02 7.146395140000000139e-03
5.110700000000000659e-02 4.669275770000000381e-02 6.890608880000000276e-03
5.144699999999999968e-02 5.824079039999999208e-02 6.957660820000000253e-03
5.178599999999998482e-02 3.493016779999999488e-02 6.758294219999999748e-03
5.212600000000000566e-02 4.700053669999999101e-02 6.614131040000000364e-03
5.246499999999999775e-02 4.335004550000001039e-02 6.816687919999999887e-03
5.280499999999999083e-02 3.364731070000000213e-02 6.334786230000000185e-03
5.314499999999998392e-02 3.879437539999999740e-02 6.140441770000000347e-03
5.348400000000000376e-02 3.431555629999999413e-02 6.125801989999999676e-03
5.382399999999998991e-02 2.050469330000000145e-02 6.348208650000000154e-03
5.416300000000000281e-02 2.309645620000000052e-02 6.333463840000000226e-03
5.450300000000001671e-02 3.137513850000000354e-02 5.749232949999999627e-03
5.484200000000000880e-02 2.474906649999999639e-02 5.966018130000000363e-03
5.518199999999999494e-02 2.277685479999999943e-02 5.819279099999999719e-03
5.552199999999998803e-02 3.872131589999999735e-02 5.638870829999999973e-03
5.586100000000000093e-02 3.001817090000000188e-02 5.847622920000000030e-03
5.620099999999999402e-02 2.937572140000000234e-02 5.570776359999999802e-03
5.653999999999999998e-02 2.920028320000000316e-02 5.951300779999999999e-03
5.688000000000000000e-02 3.372950009999999693e-02 5.334406740000000383e-03
5.722000000000000697e-02 2.772522269999999969e-02 5.635789870000000416e-03
5.755899999999999211e-02 2.852112359999999999e-02 5.653255900000000132e-03
5.789899999999999214e-02 2.444605859999999728e-02 5.333348269999999697e-03
5.823800000000000504e-02 2.787386329999999926e-02 5.340511860000000076e-03
5.857800000000001200e-02 2.544089819999999919e-02 5.437160810000000143e-03
5.891699999999998327e-02 2.586861979999999922e-02 5.193781510000000309e-03
5.925699999999998330e-02 3.203531309999999716e-02 5.061771310000000128e-03
5.959700000000001108e-02 2.501083079999999806e-02 5.179607580000000419e-03
5.993600000000000316e-02 1.767659719999999796e-02 4.978966569999999925e-03
6.027600000000001013e-02 2.672477449999999602e-02 5.098574970000000275e-03
6.061500000000000915e-02 2.016998919999999501e-02 4.654917060000000363e-03
6.095499999999999530e-02 1.312686480000000225e-02 4.913141709999999975e-03
6.129400000000000126e-02 3.080781410000000414e-02 4.986580830000000158e-03
6.163399999999999435e-02 2.325723119999999547e-02 4.719669519999999778e-03
6.197400000000001519e-02 1.778198800000000204e-02 4.791986140000000123e-03
6.231300000000000727e-02 2.678886980000000015e-02 4.610649809999999883e-03
6.265299999999998648e-02 2.240074539999999809e-02 4.675672629999999726e-03
6.299200000000002020e-02 2.301681330000000456e-02 4.717615080000000204e-03
6.333200000000001328e-02 2.609500769999999539e-02 4.850750899999999900e-03
6.367200000000000637e-02 2.946529950000000009e-02 4.619639749999999642e-03
6.401099999999998458e-02 2.035933100000000481e-02 4.444971300000000354e-03
6.435100000000000542e-02 2.723631419999999678e-02 4.490796899999999897e-03
6.469000000000001138e-02 1.329961680000000396e-02 4.476093329999999981e-03
6.502999999999999059e-02 1.973213190000000158e-02 4.463145729999999645e-03
6.536899999999999655e-02 1.448714129999999906e-02 4.160539599999999762e-03
6.570900000000000352e-02 2.312546009999999486e-02 4.124291230000000363e-03
6.604899999999998272e-02 1.537811910000000393e-02 4.106550409999999707e-03
6.638799999999998869e-02 1.965613349999999551e-02 4.171587780000000391e-03
6.672799999999999565e-02 1.711933100000000152e-02 4.254195829999999831e-03
6.706699999999998774e-02 1.963114650000000183e-02 4.156697879999999949e-03
6.740699999999999470e-02 1.834319779999999886e-02 4.278772650000000136e-03
6.774700000000000166e-02 2.010994580000000434e-02 4.140998869999999894e-03
6.808600000000000763e-02 1.593169090000000343e-02 3.928062310000000022e-03
6.842600000000000071e-02 2.306095660000000158e-02 3.932390879999999971e-03
6.876500000000000667e-02 2.245385779999999748e-02 4.233851660000000246e-03
6.910499999999998588e-02 2.984475519999999979e-02 3.965093999999999737e-03
6.944400000000000572e-02 1.755098110000000503e-02 4.022154640000000052e-03
6.978399999999998493e-02 2.984324810000000411e-02 3.916542240000000195e-03
7.012399999999999189e-02 2.097116330000000153e-02 3.875514489999999819e-03
7.046299999999999786e-02 2.264871389999999901e-02 3.869700550000000194e-03
7.080300000000001870e-02 1.918391729999999878e-02 3.781030290000000037e-03
7.114199999999999691e-02 1.027386190000000206e-02 3.697380829999999830e-03
7.148199999999998999e-02 2.468209930000000302e-02 3.594549719999999993e-03
7.182200000000001083e-02 2.338897480000000362e-02 3.503713930000000067e-03
7.216100000000000292e-02 1.935979929999999752e-02 3.577235819999999983e-03
7.250099999999998213e-02 2.024573899999999524e-02 3.425724030000000097e-03
7.283999999999998809e-02 2.000096239999999553e-02 3.652142340000000091e-03
7.317999999999999505e-02 1.754356150000000239e-02 3.458257599999999942e-03
7.351899999999998714e-02 2.017355109999999924e-02 3.571647109999999837e-03
7.385899999999998022e-02 2.436139670000000285e-02 3.547841590000000173e-03
7.419899999999998719e-02 2.293321140000000036e-02 3.438609740000000102e-03
7.453799999999999315e-02 1.756592619999999827e-02 3.383499470000000172e-03
7.487800000000001399e-02 1.579505949999999992e-02 3.299577890000000065e-03
7.521699999999999220e-02 1.517322680000000347e-02 3.339853160000000060e-03
7.555699999999998528e-02 1.670438109999999865e-02 3.282569559999999869e-03
7.589700000000002000e-02 2.156609279999999532e-02 3.384949859999999977e-03
7.623599999999998433e-02 1.262229129999999609e-02 3.089385440000000024e-03
7.657599999999999130e-02 1.108541949999999887e-02 3.119881589999999941e-03
7.691500000000001114e-02 1.718007229999999816e-02 3.158282760000000102e-03
7.725500000000001810e-02 1.511228080000000425e-02 3.265324420000000061e-03
7.759400000000001019e-02 1.468254939999999974e-02 3.074526330000000151e-03
7.793400000000000327e-02 1.486611299999999677e-02 2.925541069999999973e-03
7.827400000000001024e-02 1.473606590000000119e-02 3.115012250000000205e-03
7.861300000000001620e-02 1.226815520000000201e-02 3.105905700000000189e-03
7.895300000000000928e-02 1.454768450000000143e-02 2.897982749999999941e-03
7.929200000000001525e-02 1.386718749999999584e-02 3.063734749999999854e-03
7.963199999999999446e-02 9.357917819999998776e-03 3.130604099999999973e-03
7.997099999999998654e-02 1.454091880000000191e-02 2.971588820000000027e-03
8.031100000000000738e-02 1.044434670000000086e-02 3.083290380000000032e-03
8.065100000000000047e-02 1.688796619999999651e-02 2.988091259999999839e-03
8.099000000000000643e-02 8.294978320000003652e-03 2.894358660000000052e-03
8.133000000000001339e-02 1.375365659999999712e-02 2.921303389999999837e-03
8.166899999999999160e-02 1.415364420000000088e-02 2.939205189999999964e-03
8.200899999999998469e-02 5.958056649999999774e-03 3.032081270000000061e-03
8.234900000000001941e-02 1.510311860000000152e-02 2.852916149999999880e-03
8.268799999999998374e-02 1.250358600000000056e-02 2.655909909999999968e-03
8.302800000000001845e-02 1.554143879999999624e-02 2.932969379999999897e-03
8.336699999999999666e-02 4.311731169999998524e-03 2.889971050000000093e-03
8.370699999999998975e-02 1.650628119999999685e-02 2.747932490000000016e-03
8.404600000000000959e-02 1.286747219999999706e-02 2.714391589999999837e-03
8.438599999999998880e-02 1.332027259999999866e-02 2.873786059999999896e-03
8.472599999999999576e-02 7.636441279999997035e-03 2.686534109999999965e-03
8.506500000000001560e-02 1.383387349999999974e-02 2.649433599999999854e-03
8.540500000000000869e-02 8.512894380000001968e-03 2.923779120000000002e-03
8.574400000000001465e-02 1.361538840000000097e-02 2.660422630000000045e-03
8.608400000000000774e-02 1.274177320000000405e-02 2.740290219999999815e-03
8.642399999999998694e-02 1.212444699999999653e-02 2.660334270000000098e-03
8.676300000000002066e-02 1.417599229999999717e-02 2.636060850000000039e-03
8.710299999999999987e-02 8.765719240000002452e-03 2.627530260000000145e-03
8.744200000000001971e-02 8.170342789999996552e-03 2.537427819999999844e-03
8.778199999999999892e-02 1.686102169999999928e-02 2.490086390000000038e-03
8.812100000000001876e-02 1.180990789999999784e-02 2.646701750000000040e-03
8.846099999999999797e-02 1.163755670000000096e-02 2.500739399999999790e-03
8.880100000000000493e-02 1.308363989999999921e-02 2.383682849999999888e-03
8.914000000000001089e-02 1.096860579999999787e-02 2.516372360000000089e-03
8.948000000000001786e-02 1.557848009999999658e-02 2.698649110000000007e-03
8.981900000000000994e-02 9.952230829999996961e-03 2.598168540000000103e-03
9.015899999999998915e-02 9.912359329999998608e-03 2.514659570000000142e-03
9.049899999999998224e-02 1.336023090000000232e-02 2.516169689999999803e-03
9.083800000000001595e-02 8.335737389999998623e-03 2.358263460000000096e-03
9.117799999999999516e-02 1.281455069999999641e-02 2.547646829999999918e-03
9.151700000000000113e-02 9.346624799999996361e-03 2.473568399999999910e-03
9.185699999999998033e-02 1.049945530000000182e-02 2.372082289999999892e-03
9.219599999999998630e-02 9.783226100000000369e-03 2.457785010000000051e-03
9.253599999999997938e-02 9.767123689999997194e-03 2.363600300000000091e-03
9.287600000000000022e-02 1.250383530000000014e-02 2.410648919999999838e-03
9.321500000000000619e-02 1.086052940000000258e-02 2.333514990000000022e-03
9.355500000000001315e-02 1.391630529999999914e-02 2.486656070000000003e-03
9.389399999999999136e-02 8.344562660000000645e-03 2.592807470000000215e-03
9.423399999999999832e-02 1.044891680000000107e-02 2.433794720000000134e-03
9.457400000000000528e-02 9.934985859999998642e-03 2.350870819999999889e-03
9.491299999999998349e-02 1.116879400000000098e-02 2.460138519999999825e-03
9.525300000000000433e-02 1.009276199999999991e-02 2.365264780000000087e-03
9.559199999999998254e-02 1.259197560000000111e-02 2.427537090000000085e-03
9.593200000000001726e-02 7.015402250000002914e-03 2.366741109999999891e-03
9.627099999999999547e-02 4.556323800000002151e-03 2.453464990000000200e-03
9.661100000000000243e-02 9.279742669999998736e-03 2.206650069999999825e-03
9.695099999999998164e-02 1.396286199999999776e-02 2.312842130000000197e-03
9.728999999999997372e-02 1.083662189999999928e-02 2.333649020000000060e-03
9.762999999999996681e-02 6.635163200000000414e-03 2.259001829999999784e-03
9.796899999999998665e-02 9.593271730000001857e-03 2.239115570000000180e-03
9.830899999999997974e-02 9.973367000000003812e-03 2.306184099999999786e-03
9.864799999999999958e-02 1.051471420000000233e-02 2.291461900000000152e-03
9.898800000000000654e-02 8.042166300000003903e-03 2.318548079999999817e-03
9.932800000000001350e-02 1.194274010000000164e-02 2.324344150000000157e-03
9.966700000000000559e-02 7.150624650000001262e-03 2.337158340000000147e-03
1.000069999999999848e-01 1.357265180000000182e-02 2.304583179999999953e-03
1.003460000000000046e-01 5.820521479999998457e-03 2.164685749999999999e-03
1.006859999999999977e-01 1.068507679999999849e-02 2.132913939999999883e-03
1.010260000000000047e-01 1.017514289999999974e-02 2.353855480000000000e-03
1.013649999999999968e-01 1.018661869999999865e-02 2.302559080000000143e-03
1.017050000000000037e-01 9.194727009999997119e-03 2.233468309999999801e-03
1.020439999999999958e-01 9.086803770000003930e-03 2.360075210000000135e-03
1.023839999999999889e-01 7.837715440000000283e-03 2.158060810000000072e-03
1.027229999999999949e-01 8.416193660000001464e-03 2.176350970000000100e-03
1.030630000000000018e-01 1.028063979999999794e-02 2.241390330000000205e-03
1.034029999999999810e-01 1.236712279999999976e-02 2.137951830000000067e-03
1.037420000000000148e-01 9.148945789999996317e-03 2.224671059999999874e-03
1.040819999999999940e-01 9.403594129999996373e-03 2.218684009999999807e-03
1.044209999999999861e-01 7.899296080000003245e-03 2.106799050000000145e-03
1.047610000000000069e-01 7.714547820000003213e-03 2.100264450000000060e-03
1.051010000000000000e-01 9.573250449999997497e-03 2.168880040000000040e-03
1.054400000000000059e-01 1.059425700000000102e-02 2.122383920000000049e-03
1.057799999999999851e-01 7.061826420000000271e-03 2.193192449999999995e-03
1.061190000000000050e-01 1.075377010000000237e-02 2.199195350000000045e-03
1.064590000000000120e-01 8.934044869999997751e-03 2.017526840000000068e-03
1.067979999999999902e-01 3.470318450000000818e-03 2.281474869999999908e-03
1.071379999999999971e-01 4.145725670000001938e-03 2.204327350000000185e-03
1.074780000000000041e-01 5.401102859999997938e-03 2.083322700000000104e-03
1.078169999999999962e-01 4.807860760000001905e-03 2.135699870000000011e-03
1.081570000000000170e-01 1.062321249999999793e-02 2.211616510000000146e-03
1.084959999999999952e-01 1.216110319999999870e-02 2.190095600000000180e-03
1.088359999999999883e-01 8.368085920000004063e-03 2.050768350000000025e-03
1.091760000000000091e-01 7.275122409999999415e-03 2.058832620000000148e-03
1.095150000000000151e-01 9.308266379999997550e-03 2.163536489999999968e-03
1.098549999999999804e-01 1.067952039999999804e-02 2.039460949999999991e-03
1.101939999999999864e-01 7.560556610000000559e-03 1.939827089999999945e-03
1.105339999999999934e-01 8.936780639999995779e-03 2.102534039999999927e-03
1.108729999999999855e-01 7.448300899999999586e-03 2.164761390000000032e-03
1.112130000000000063e-01 1.336071860000000340e-02 2.077605149999999998e-03
1.115529999999999994e-01 1.024022529999999917e-02 2.083787389999999882e-03
1.118920000000000053e-01 8.556779739999995776e-03 2.134897330000000166e-03
1.122320000000000123e-01 6.348217689999998727e-03 2.092787569999999923e-03
1.125710000000000044e-01 8.762142080000000222e-03 2.062554350000000199e-03
1.129110000000000114e-01 1.036145020000000042e-02 2.108951170000000156e-03
1.132499999999999896e-01 7.152203689999999184e-03 2.165998560000000073e-03
1.135900000000000104e-01 4.850536399999998312e-03 1.967749539999999984e-03
1.139300000000000035e-01 1.258255779999999796e-02 1.946972379999999938e-03
1.142689999999999956e-01 9.404741370000002307e-03 1.961323809999999859e-03
1.146090000000000164e-01 7.145911230000003000e-03 2.051503010000000054e-03
1.149479999999999946e-01 5.989334360000001835e-03 2.052309569999999882e-03
1.152880000000000155e-01 9.630737009999997683e-03 2.139037180000000031e-03
1.156279999999999947e-01 1.087677349999999731e-02 1.979301699999999956e-03
1.159669999999999868e-01 8.172113729999999632e-03 2.009689280000000015e-03
1.163069999999999937e-01 9.669454860000000970e-03 1.933010539999999991e-03
1.166460000000000136e-01 5.386789410000001298e-03 1.988895909999999906e-03
1.169860000000000066e-01 7.261141469999997725e-03 1.864714240000000080e-03
1.173249999999999849e-01 5.622852119999999752e-03 1.870731750000000082e-03
1.176650000000000057e-01 7.668706739999997871e-03 1.971094730000000177e-03
1.180049999999999988e-01 5.438588979999998095e-03 1.928960780000000099e-03
1.183439999999999909e-01 6.907705330000003113e-03 2.085041570000000042e-03
1.186839999999999978e-01 7.901644770000004064e-03 1.910497290000000075e-03
1.190229999999999899e-01 4.584711529999998744e-03 1.874286740000000043e-03
1.193629999999999969e-01 7.910982290000001874e-03 1.955616089999999939e-03
1.197030000000000038e-01 6.829022860000001464e-03 1.876549010000000102e-03
1.200419999999999821e-01 6.279331609999999272e-03 2.013960799999999808e-03
1.203820000000000029e-01 5.458223240000002405e-03 1.907490389999999926e-03
1.207210000000000089e-01 5.998338640000000672e-03 1.877479810000000056e-03
1.210610000000000019e-01 5.263446350000000086e-03 1.935112639999999945e-03
1.213999999999999801e-01 1.313155360000000174e-02 1.954337919999999795e-03
1.217399999999999871e-01 8.648282379999996938e-03 1.884458120000000051e-03
1.220799999999999802e-01 8.430290910000000706e-03 1.878189680000000045e-03
1.224190000000000139e-01 4.451894930000000264e-03 1.902581119999999931e-03
1.227590000000000070e-01 3.696625019999999744e-03 1.900305140000000011e-03
1.230979999999999852e-01 5.079835029999998572e-03 1.890756040000000004e-03
1.234380000000000061e-01 5.418142030000001538e-03 1.858910160000000087e-03
1.237779999999999991e-01 7.002869669999998298e-03 1.781588140000000056e-03
1.241170000000000051e-01 4.603776880000002951e-03 1.836336650000000049e-03
1.244570000000000121e-01 3.199434790000000445e-03 1.860818929999999947e-03
1.247959999999999903e-01 9.257285430000003132e-03 1.793817189999999959e-03
1.251359999999999972e-01 5.757398010000001204e-03 1.917451089999999995e-03
1.254750000000000032e-01 1.098158449999999883e-02 1.940067290000000106e-03
1.258150000000000102e-01 5.616989399999998585e-03 1.856814449999999971e-03
1.261549999999999894e-01 8.821063540000003561e-03 1.806787509999999933e-03
1.264939999999999953e-01 5.664553100000002325e-03 1.838780329999999911e-03
1.268339999999999745e-01 2.388132819999999167e-03 1.910863959999999908e-03
1.271730000000000083e-01 5.196745459999999039e-03 1.992194110000000077e-03
1.275129999999999875e-01 5.139289239999999918e-03 1.907955169999999995e-03
1.278529999999999944e-01 3.711693809999999216e-03 1.888445969999999908e-03
1.281920000000000004e-01 1.753716749999999821e-03 1.870698299999999951e-03
1.285320000000000074e-01 6.786288700000000368e-03 1.797707360000000030e-03
1.288710000000000411e-01 5.072405689999998427e-03 1.843697440000000021e-03
1.292109999999999925e-01 6.413925529999997023e-03 1.799162449999999920e-03
1.295499999999999985e-01 5.972872519999998520e-03 1.744120139999999920e-03
1.298900000000000055e-01 7.426625309999996226e-03 1.832165670000000107e-03
1.302300000000000124e-01 9.861711849999997906e-03 1.942653170000000103e-03
1.305689999999999629e-01 6.661423960000003620e-03 1.701388450000000012e-03
1.309089999999999976e-01 8.062767000000000198e-03 1.880712290000000021e-03
1.312480000000000036e-01 5.687346019999997560e-03 1.824761600000000036e-03
1.315879999999999828e-01 9.089033969999996826e-03 1.795392339999999981e-03
1.319269999999999887e-01 4.548910940000001207e-03 1.801475340000000024e-03
1.322670000000000234e-01 8.869436569999999964e-03 1.831345430000000081e-03
1.326070000000000026e-01 2.232079509999999791e-03 1.763272150000000024e-03
1.329460000000000086e-01 4.637404209999998646e-03 1.779597539999999960e-03
1.332859999999999878e-01 5.484589990000002767e-03 1.925764609999999896e-03
1.336249999999999938e-01 5.590499169999998096e-03 1.764117850000000015e-03
1.339650000000000285e-01 5.600678639999997870e-03 1.837812199999999934e-03
1.343050000000000077e-01 3.302395680000000389e-03 1.804934129999999923e-03
1.346440000000000137e-01 5.117675369999997136e-03 1.704677020000000065e-03
1.349839999999999929e-01 4.548431620000001341e-03 1.762953189999999937e-03
1.353229999999999988e-01 4.090970699999999134e-03 1.766918660000000099e-03
1.356630000000000058e-01 5.258820010000001682e-03 1.691733869999999945e-03
1.360020000000000395e-01 2.735962680000000088e-03 1.783683490000000094e-03
1.363419999999999632e-01 5.806678150000002883e-03 1.809507990000000077e-03
1.366819999999999979e-01 6.029488370000001506e-03 1.781106759999999964e-03
1.370210000000000039e-01 2.734263289999999506e-03 1.899763239999999968e-03
1.373610000000000109e-01 4.893560599999998394e-03 1.761463630000000089e-03
1.380399999999999683e-01 5.143744589999998083e-03 1.747234120000000024e-03
1.383800000000000030e-01 6.219122320000000995e-03 1.821706480000000010e-03
1.387190000000000367e-01 4.941246389999999142e-03 1.834729599999999992e-03
1.390589999999999882e-01 6.396746389999996736e-03 1.785781599999999945e-03
1.393979999999999664e-01 3.166456729999999470e-03 1.783753170000000089e-03
1.397380000000000289e-01 3.067659780000000277e-03 1.835130909999999971e-03
1.400770000000000071e-01 4.465510749999999397e-03 1.910732849999999912e-03
1.404169999999999585e-01 4.653279370000000872e-03 1.894772739999999941e-03
1.407570000000000210e-01 3.558150170000000129e-03 1.826639720000000069e-03
1.410959999999999992e-01 3.711730879999999410e-03 1.922605539999999984e-03
1.414360000000000062e-01 6.480522540000002892e-03 1.881197090000000108e-03
1.417750000000000121e-01 5.577316749999997568e-03 1.929959470000000045e-03
1.421149999999999913e-01 3.036431919999999819e-03 1.853387510000000090e-03
1.424549999999999983e-01 2.727624959999999307e-03 1.826231549999999962e-03
1.427940000000000043e-01 5.034469309999998511e-03 1.816609559999999993e-03
1.431340000000000112e-01 4.060155109999999748e-03 1.921755480000000068e-03
1.434729999999999894e-01 1.856384480000000941e-04 1.831511029999999957e-03
1.438130000000000241e-01 5.732138340000001581e-03 1.974266130000000043e-03
1.441520000000000024e-01 5.205498419999999432e-03 1.782046530000000071e-03
1.444920000000000093e-01 6.287871039999997670e-03 1.843064130000000075e-03
1.448319999999999885e-01 3.828121100000001636e-03 2.059935470000000008e-03
1.451709999999999945e-01 7.516151590000001541e-03 1.918970679999999979e-03
1.455110000000000292e-01 3.852151210000000735e-03 1.927392439999999971e-03
1.458500000000000074e-01 4.325223600000001507e-03 1.966850300000000124e-03
1.461899999999999866e-01 6.990607670000002771e-03 1.818096290000000090e-03
1.465289999999999926e-01 9.695567719999995809e-03 1.913880869999999958e-03
1.468689999999999996e-01 4.547879729999999149e-03 1.859171929999999928e-03
1.472090000000000065e-01 6.508512589999998661e-03 1.828056920000000005e-03
1.475480000000000125e-01 9.902358630000001813e-03 1.887626730000000006e-03
1.478880000000000194e-01 4.555789809999999558e-03 1.945467549999999957e-03
1.482269999999999976e-01 2.037338200000000585e-03 1.951112669999999997e-03
1.485670000000000046e-01 4.288201800000001306e-03 1.996694739999999892e-03
1.489070000000000116e-01 4.493861039999999009e-03 1.979677750000000038e-03
1.492459999999999898e-01 3.471705250000001446e-03 1.925924209999999893e-03
1.495859999999999967e-01 3.301797950000000519e-03 2.055293890000000050e-03
1.499250000000000027e-01 4.098677429999998505e-03 1.900712809999999947e-03
1.502650000000000097e-01 6.782262520000000364e-03 1.959094499999999937e-03
1.506039999999999601e-01 3.774128839999999104e-03 1.836892340000000068e-03
1.509439999999999948e-01 5.479074719999997567e-03 1.954706960000000132e-03
1.512840000000000018e-01 6.721833340000002953e-03 1.824362989999999893e-03
1.516230000000000078e-01 4.247040019999997855e-03 1.928295119999999963e-03
1.519630000000000147e-01 6.341940459999998066e-03 1.912001829999999914e-03
1.523019999999999929e-01 1.870444630000000054e-03 1.830659909999999939e-03
1.526419999999999999e-01 5.756558420000001085e-03 1.809685130000000027e-03
1.529820000000000346e-01 5.703950160000000394e-03 1.828219990000000015e-03
1.533209999999999851e-01 2.347440890000000030e-03 1.861732820000000033e-03
1.536609999999999920e-01 5.540972080000001326e-03 1.877131800000000038e-03
1.539999999999999980e-01 5.139965580000000096e-03 1.803459340000000037e-03
1.543400000000000327e-01 4.160994810000001425e-03 2.008569090000000053e-03
1.546790000000000109e-01 4.818055499999998777e-03 1.966610340000000089e-03
1.550189999999999901e-01 5.672231909999997899e-03 2.016313669999999971e-03
1.553589999999999971e-01 7.921573100000002532e-03 1.920722990000000088e-03
1.556980000000000308e-01 6.926823840000002203e-03 1.975510650000000205e-03
1.560379999999999823e-01 4.457648999999997558e-03 1.975921670000000199e-03
1.563769999999999882e-01 3.731755380000000878e-03 2.026157429999999801e-03
1.567169999999999674e-01 7.262513530000002174e-03 2.053079279999999937e-03
1.570569999999999744e-01 1.263045469999999823e-03 1.949070029999999893e-03
1.573959999999999804e-01 2.209248160000000689e-03 1.902186560000000085e-03
1.577359999999999873e-01 2.871645079999999173e-03 1.916303019999999980e-03
1.580750000000000210e-01 3.315446300000001508e-03 1.971056139999999984e-03
1.584149999999999725e-01 6.427928550000000692e-03 1.917738210000000023e-03
1.587540000000000062e-01 2.086438720000000080e-03 1.935336300000000060e-03
1.590940000000000132e-01 3.820413910000001068e-03 1.927132750000000059e-03
1.594339999999999924e-01 5.790022880000002259e-03 2.074859190000000186e-03
1.597729999999999984e-01 5.913649839999997500e-03 1.946797479999999927e-03
1.601130000000000331e-01 4.594368899999997854e-03 1.948852189999999941e-03
1.604519999999999835e-01 4.681094029999999240e-03 1.862580449999999901e-03
1.607919999999999905e-01 5.068956810000000562e-03 2.006905109999999794e-03
1.611319999999999975e-01 5.615942709999997883e-04 1.999346339999999878e-03
1.614710000000000034e-01 4.046587289999998768e-03 1.842713240000000072e-03
1.618110000000000104e-01 4.589090960000000163e-03 1.888298789999999939e-03
1.621500000000000163e-01 4.352000759999999531e-03 1.940022650000000019e-03
1.624899999999999956e-01 2.154858799999998919e-03 2.028510099999999896e-03
1.628290000000000015e-01 6.938955330000001406e-03 1.940856300000000020e-03
1.631690000000000362e-01 1.007288680000000165e-03 2.112063779999999880e-03
1.635089999999999877e-01 4.608213999999999366e-03 1.903487250000000016e-03
1.638479999999999659e-01 4.520274599999998810e-03 1.869349559999999898e-03
1.641880000000000006e-01 4.552341030000002162e-03 1.981815980000000040e-03
1.645270000000000066e-01 4.580748199999999139e-03 1.921335869999999920e-03
1.648670000000000413e-01 4.886745030000000378e-03 1.874512600000000041e-03
