3.481000000000000587e-03 5.067887880000001388e+01 2.821316529999999823e+00
3.650999999999999732e-03 4.770712339999999330e+01 2.483921459999999914e+00
3.820000000000001346e-03 4.572074870000000146e+01 2.138340969999999786e+00
3.990000000000001358e-03 4.218900129999999393e+01 1.989479929999999896e+00
4.160000000000000503e-03 3.912802460000000337e+01 1.800294279999999913e+00
4.330000000000001383e-03 3.989839959999999053e+01 1.816223230000000077e+00
4.498999999999999527e-03 3.774197079999999005e+01 1.666263150000000026e+00
4.668999999999997805e-03 3.604671160000000185e+01 1.626086359999999953e+00
4.839000000000002154e-03 3.541631360000000939e+01 1.555587150000000030e+00
5.009000000000003033e-03 3.287714329999999308e+01 1.465709960000000089e+00
5.178999999999999576e-03 3.147270179999999584e+01 1.458121449999999930e+00
5.347999999999998588e-03 2.892832319999999413e+01 1.313127099999999992e+00
5.518000000000000335e-03 3.014313359999999165e+01 1.288383999999999974e+00
5.688000000000000347e-03 2.888906799999999819e+01 1.287554279999999940e+00
5.858000000000001227e-03 2.547708300000000392e+01 1.192038619999999938e+00
6.027999999999998637e-03 2.622497509999999465e+01 1.181205660000000046e+00
6.197000000000001119e-03 2.806624170000000618e+01 1.142646019999999929e+00
6.367000000000001998e-03 2.573209309999999661e+01 1.123420899999999945e+00
6.536999999999999408e-03 2.178442880000000059e+01 1.018454659999999956e+00
6.707000000000002023e-03 2.108961540000000312e+01 9.857764470000000001e-01
6.877000000000001168e-03 1.957215959999999555e+01 9.373271140000000168e-01
7.045999999999998445e-03 2.125092689999999607e+01 9.444549150000000060e-01
7.216000000000001059e-03 2.058522930000000528e+01 9.564792079999999697e-01
7.386000000000001071e-03 1.905511750000000504e+01 8.788854499999999570e-01
7.556000000000001084e-03 1.843622390000000522e+01 8.658176950000000538e-01
7.726000000000001096e-03 1.868200910000000192e+01 8.519953399999999899e-01
7.895000000000002710e-03 1.789104610000000051e+01 8.372821520000000017e-01
8.064999999999999253e-03 1.616008600000000328e+01 8.133372079999999782e-01
8.235000000000002734e-03 1.766012079999999784e+01 7.931771829999999524e-01
8.404999999999997543e-03 1.766130799999999823e+01 7.868297309999999767e-01
8.574000000000000024e-03 1.588991419999999977e+01 7.421413230000000194e-01
8.743999999999996567e-03 1.533808789999999966e+01 7.424615589999999932e-01
8.913999999999996579e-03 1.389722599999999986e+01 6.977468350000000097e-01
9.083999999999996591e-03 1.306098309999999785e+01 6.402808979999999872e-01
9.254000000000001808e-03 1.177838880000000188e+01 6.388208199999999559e-01
9.422999999999995616e-03 1.214642120000000247e+01 6.175003780000000164e-01
9.593000000000002567e-03 1.390076769999999762e+01 6.676149000000000111e-01
9.762999999999997375e-03 1.073884509999999892e+01 5.749871180000000193e-01
9.933000000000006061e-03 1.215833530000000273e+01 6.097657570000000193e-01
1.010299999999999913e-02 1.012726860000000251e+01 5.619648250000000012e-01
1.027200000000000162e-02 1.099772270000000063e+01 5.591483830000000266e-01
1.044200000000000163e-02 1.147909530000000089e+01 5.853778769999999909e-01
1.061200000000000164e-02 9.737815140000000369e+00 5.140194829999999993e-01
1.078200000000000165e-02 1.060372389999999854e+01 5.428169409999999973e-01
1.095199999999999819e-02 1.032638280000000108e+01 5.427729810000000432e-01
1.112099999999999894e-02 9.837375679999999178e+00 5.102842060000000179e-01
1.129099999999999722e-02 9.879476539999998863e+00 5.216667280000000240e-01
1.146100000000000070e-02 8.243548560000000691e+00 4.646309869999999953e-01
1.163100000000000071e-02 8.294590630000000075e+00 4.668167819999999857e-01
1.205500000000000148e-02 9.369577319999999432e+00 1.097120210000000068e-01
1.239499999999999803e-02 8.932056910000000016e+00 1.041029279999999974e-01
1.273399999999999879e-02 8.451121419999999773e+00 1.010906059999999995e-01
1.307400000000000055e-02 7.947111429999998755e+00 9.491529980000000533e-02
1.341300000000000131e-02 7.489803809999999729e+00 9.205935760000000245e-02
1.375299999999999613e-02 7.141967690000001312e+00 8.839980919999999853e-02
1.409299999999999962e-02 6.802992549999999916e+00 8.514123399999999620e-02
1.443199999999999691e-02 6.098193609999999154e+00 8.056348950000000175e-02
1.477199999999999694e-02 5.981065449999999117e+00 7.724455310000000186e-02
1.511100000000000290e-02 5.793037680000001188e+00 7.640796930000000320e-02
1.545099999999999772e-02 5.587018030000001190e+00 7.394665020000000533e-02
1.579099999999999948e-02 5.321593639999999681e+00 7.044540920000000317e-02
1.613000000000000198e-02 4.928445430000000016e+00 6.831658799999999754e-02
1.646999999999999853e-02 4.696661670000000122e+00 6.480784550000000255e-02
1.680900000000000102e-02 4.577988259999999698e+00 6.502650769999999969e-02
1.714900000000000105e-02 4.269692130000000141e+00 6.145810969999999929e-02
1.748800000000000354e-02 4.111163870000000387e+00 5.944951190000000163e-02
1.782800000000000357e-02 3.881210189999999560e+00 5.808567540000000168e-02
1.816800000000000359e-02 3.665589010000000147e+00 5.509526220000000168e-02
1.850700000000000262e-02 3.557418820000000093e+00 5.419016329999999659e-02
1.884699999999999570e-02 3.442046270000000519e+00 5.263233689999999992e-02
1.918599999999999819e-02 3.304749569999999359e+00 5.132402199999999692e-02
1.952599999999999822e-02 3.053311659999999872e+00 4.919529429999999759e-02
1.986600000000000518e-02 3.019256480000000131e+00 4.797102400000000100e-02
2.020500000000000421e-02 2.843012530000000204e+00 4.618388379999999876e-02
2.054500000000000076e-02 2.725629559999999785e+00 4.522218409999999994e-02
2.088400000000000326e-02 2.527357550000000064e+00 4.370962960000000092e-02
2.122400000000000328e-02 2.439124679999999934e+00 4.236197259999999881e-02
2.156300000000000230e-02 2.316264429999999930e+00 4.093835280000000104e-02
2.190299999999999539e-02 2.205878020000000106e+00 3.937636309999999890e-02
2.224299999999999888e-02 2.066582009999999858e+00 3.778606959999999959e-02
2.258199999999999791e-02 1.952753359999999994e+00 3.688671379999999833e-02
2.292200000000000487e-02 1.804990469999999902e+00 3.497073829999999828e-02
2.326099999999999696e-02 1.675249800000000011e+00 3.395231099999999891e-02
2.360099999999999698e-02 1.588750890000000027e+00 3.260748780000000124e-02
2.394100000000000394e-02 1.528236410000000101e+00 3.191898239999999692e-02
2.427999999999999950e-02 1.413310929999999965e+00 3.054496699999999926e-02
2.461999999999999605e-02 1.320755029999999941e+00 2.908711500000000019e-02
2.495899999999999508e-02 1.222552450000000013e+00 2.844694260000000044e-02
2.529899999999999857e-02 1.127521199999999890e+00 2.686771129999999952e-02
2.563799999999999760e-02 1.043298959999999997e+00 2.620829800000000140e-02
2.597800000000000456e-02 9.690529039999999927e-01 2.497607680000000011e-02
2.631800000000000458e-02 8.639840939999999803e-01 2.323138900000000159e-02
2.665699999999999667e-02 7.857441259999999872e-01 2.276582590000000156e-02
2.699700000000000710e-02 7.255728310000000292e-01 2.141445390000000157e-02
2.733600000000000613e-02 6.817155910000000096e-01 2.116706989999999830e-02
2.767599999999999574e-02 5.981221110000000118e-01 1.962273999999999963e-02
2.801500000000000171e-02 5.663287329999999731e-01 1.892423470000000052e-02
2.835500000000000867e-02 5.223677829999999744e-01 1.840973870000000082e-02
2.869499999999999135e-02 4.106368220000000124e-01 1.662897149999999907e-02
2.903400000000000078e-02 3.715988940000000129e-01 1.597275940000000144e-02
2.937400000000000080e-02 3.080551100000000209e-01 1.473600029999999964e-02
2.971299999999999983e-02 2.947006919999999863e-01 1.452479389999999926e-02
3.005299999999999985e-02 2.805559109999999912e-01 1.442525769999999929e-02
3.039300000000000335e-02 2.476218249999999621e-01 1.308454899999999914e-02
3.073199999999999890e-02 2.228953979999999946e-01 1.255666989999999934e-02
3.107199999999999199e-02 2.012994620000000123e-01 1.229206650000000053e-02
3.141100000000000142e-02 1.642557209999999934e-01 1.168942209999999926e-02
3.175100000000000838e-02 1.477587280000000058e-01 1.109284949999999985e-02
3.209000000000000741e-02 1.536294850000000101e-01 1.128034410000000078e-02
3.243000000000000049e-02 1.317711870000000118e-01 1.075690879999999933e-02
3.277000000000000052e-02 1.143485729999999811e-01 1.029738049999999981e-02
3.310900000000000648e-02 1.107684730000000201e-01 1.018486740000000036e-02
3.344899999999999957e-02 1.066013569999999938e-01 1.011827369999999948e-02
3.378799999999999165e-02 9.513260580000000577e-02 9.858715049999999466e-03
3.412799999999999861e-02 8.808022390000000423e-02 1.023510899999999918e-02
3.446800000000000558e-02 8.871868710000002656e-02 1.008654450000000084e-02
3.480699999999999766e-02 8.594477890000000453e-02 9.409057979999999738e-03
3.514700000000000463e-02 7.912039569999998467e-02 9.762459750000000713e-03
3.548599999999999671e-02 7.934460969999999891e-02 9.903790710000000622e-03
3.582599999999998980e-02 7.899391590000000296e-02 9.758004619999999935e-03
3.616500000000000270e-02 7.173555290000001305e-02 1.036414450000000022e-02
3.650500000000000966e-02 6.992308679999999221e-02 9.910252870000000464e-03
3.684500000000000275e-02 8.462945310000000165e-02 1.008193769999999982e-02
3.718400000000000177e-02 7.343784890000000509e-02 1.015690609999999987e-02
3.752400000000000180e-02 7.556891720000000201e-02 9.699096830000000086e-03
3.786300000000000776e-02 9.718575220000001680e-02 1.060913800000000060e-02
3.820300000000000779e-02 9.457739149999999650e-02 1.053945579999999993e-02
3.854300000000000781e-02 8.545365139999999693e-02 1.019485910000000016e-02
3.888199999999999990e-02 7.646557269999999795e-02 1.028060689999999930e-02
3.922199999999999992e-02 9.387911390000000522e-02 1.065115240000000067e-02
3.956099999999999201e-02 9.921970830000001462e-02 1.000933239999999939e-02
3.990099999999999203e-02 9.770057749999998264e-02 1.043456249999999939e-02
4.023999999999999105e-02 9.893161820000000162e-02 1.040714270000000011e-02
4.057999999999999802e-02 1.135437759999999852e-01 1.048626620000000023e-02
4.091999999999999110e-02 1.008426560000000027e-01 1.026979610000000077e-02
4.125900000000000400e-02 1.041952430000000068e-01 1.041587840000000008e-02
4.159900000000000403e-02 9.012326280000002021e-02 1.026702160000000051e-02
4.193800000000000305e-02 1.186717259999999913e-01 1.029101860000000007e-02
4.227800000000000308e-02 1.129030519999999899e-01 1.088675239999999968e-02
4.261799999999999616e-02 1.167206549999999926e-01 1.051260730000000074e-02
4.295699999999999519e-02 1.099872880000000025e-01 1.046258100000000031e-02
4.329700000000000909e-02 8.810321650000001170e-02 1.033486160000000008e-02
4.363599999999999424e-02 1.017911229999999972e-01 1.006353699999999914e-02
4.397599999999999426e-02 9.264590600000000009e-02 1.011328920000000020e-02
4.431499999999999329e-02 1.118415049999999938e-01 1.028029599999999953e-02
4.465500000000000025e-02 9.478777049999999316e-02 1.056038360000000065e-02
4.499500000000000721e-02 1.194199820000000078e-01 1.014195700000000006e-02
4.533399999999999236e-02 9.666083140000000795e-02 1.029080180000000073e-02
4.567399999999999932e-02 8.191272650000001876e-02 1.013367960000000068e-02
4.601299999999999141e-02 9.994911529999998823e-02 1.007486049999999946e-02
4.635299999999999143e-02 9.592448929999997098e-02 9.671068910000000379e-03
4.669200000000000433e-02 9.482835819999997640e-02 9.868386620000000817e-03
4.703200000000000436e-02 9.987368080000003090e-02 9.524117949999999153e-03
4.737200000000000438e-02 8.598182509999999223e-02 9.313868330000000736e-03
4.771100000000001035e-02 8.026981530000001919e-02 9.047765770000000540e-03
4.805099999999998955e-02 7.571270779999998701e-02 8.757695520000000761e-03
4.839000000000000246e-02 9.876873129999999557e-02 8.856353969999999562e-03
4.873000000000000942e-02 8.730508640000000931e-02 8.814412860000000668e-03
4.907000000000000250e-02 7.486265100000000228e-02 8.352486679999999997e-03
4.940900000000000847e-02 6.494034040000000452e-02 8.106564700000000803e-03
4.974900000000000155e-02 7.294065550000002063e-02 7.858486720000000189e-03
5.008800000000001446e-02 6.047957190000001482e-02 7.896812609999999746e-03
5.042799999999999366e-02 6.357285880000000666e-02 7.673215790000000036e-03
5.076700000000000657e-02 6.775043390000000387e-02 7.932272210000000656e-03
5.110700000000000659e-02 5.455643219999999766e-02 7.458141910000000430e-03
5.144699999999999968e-02 4.952605989999999542e-02 7.181252009999999908e-03
5.178599999999998482e-02 3.395892809999999373e-02 7.099199740000000126e-03
5.212600000000000566e-02 4.717687210000000297e-02 7.004117740000000321e-03
5.246499999999999775e-02 4.918208189999999369e-02 7.326974219999999975e-03
5.280499999999999083e-02 3.461731299999998984e-02 6.702605539999999945e-03
5.314499999999998392e-02 4.708730630000001333e-02 6.691443160000000272e-03
5.348400000000000376e-02 4.440520969999999651e-02 6.696766800000000103e-03
5.382399999999998991e-02 2.374004869999999517e-02 6.739005099999999769e-03
5.416300000000000281e-02 2.180415960000000111e-02 6.623040870000000170e-03
5.450300000000001671e-02 3.735990499999999881e-02 6.216353719999999708e-03
5.484200000000000880e-02 3.849174529999999789e-02 6.602417369999999570e-03
5.518199999999999494e-02 2.712892179999999362e-02 6.221880160000000173e-03
5.552199999999998803e-02 3.155877690000000874e-02 5.789834710000000412e-03
5.586100000000000093e-02 2.385622500000000520e-02 6.016445379999999822e-03
5.620099999999999402e-02 3.237986539999999913e-02 5.950448500000000279e-03
5.653999999999999998e-02 1.760863470000000389e-02 5.991887589999999805e-03
5.688000000000000000e-02 2.921185800000000027e-02 5.527445159999999982e-03
5.722000000000000697e-02 2.384275329999999832e-02 5.844514829999999592e-03
5.755899999999999211e-02 1.592337699999999898e-02 5.653521229999999842e-03
5.789899999999999214e-02 1.307246939999999642e-02 5.327981390000000039e-03
5.823800000000000504e-02 1.610197619999999621e-02 5.333193719999999687e-03
5.857800000000001200e-02 1.710559409999999961e-02 5.522530549999999858e-03
5.891699999999998327e-02 1.828825849999999795e-02 5.282207340000000077e-03
5.925699999999998330e-02 2.142906789999999770e-02 5.078738569999999633e-03
5.959700000000001108e-02 1.728089409999999590e-02 5.263928860000000216e-03
5.993600000000000316e-02 1.510413529999999997e-02 5.167333760000000081e-03
6.027600000000001013e-02 2.004915749999999774e-02 5.209707570000000378e-03
6.061500000000000915e-02 2.527348010000000575e-02 5.040537460000000212e-03
6.095499999999999530e-02 2.075719509999999698e-02 5.345595510000000425e-03
6.129400000000000126e-02 2.689297939999999928e-02 5.173429149999999623e-03
6.163399999999999435e-02 2.406831479999999718e-02 4.998238020000000253e-03
6.197400000000001519e-02 2.030357379999999518e-02 5.103558620000000351e-03
6.231300000000000727e-02 2.081595710000000085e-02 4.713761030000000220e-03
6.265299999999998648e-02 1.644535869999999567e-02 4.772864790000000239e-03
6.299200000000002020e-02 1.991578059999999858e-02 4.894179040000000078e-03
6.333200000000001328e-02 1.618500590000000391e-02 4.870718900000000316e-03
6.367200000000000637e-02 2.127101669999999570e-02 4.672936929999999683e-03
6.401099999999998458e-02 2.046287060000000213e-02 4.687584740000000361e-03
6.435100000000000542e-02 2.590319740000000467e-02 4.715093350000000398e-03
6.469000000000001138e-02 1.546843910000000356e-02 4.756220499999999976e-03
6.502999999999999059e-02 1.799318639999999622e-02 4.656248410000000081e-03
6.536899999999999655e-02 2.595003329999999789e-02 4.687498279999999760e-03
6.570900000000000352e-02 2.367066610000000126e-02 4.375094440000000355e-03
6.604899999999998272e-02 2.332497699999999674e-02 4.538213789999999588e-03
6.638799999999998869e-02 2.415594360000000024e-02 4.519387270000000366e-03
6.672799999999999565e-02 2.025611039999999571e-02 4.560345339999999879e-03
6.706699999999998774e-02 2.112918009999999527e-02 4.424215720000000164e-03
6.740699999999999470e-02 2.122074730000000214e-02 4.580238720000000090e-03
6.774700000000000166e-02 2.365163499999999724e-02 4.462430980000000290e-03
6.808600000000000763e-02 1.805341119999999758e-02 4.196744789999999961e-03
6.842600000000000071e-02 2.473532510000000031e-02 4.206449850000000198e-03
6.876500000000000667e-02 1.615624519999999884e-02 4.304433429999999887e-03
6.910499999999998588e-02 2.118824019999999281e-02 3.970335220000000172e-03
6.944400000000000572e-02 2.220765459999999789e-02 4.361386360000000378e-03
6.978399999999998493e-02 2.298304190000000427e-02 3.971060920000000008e-03
7.012399999999999189e-02 2.037288660000000431e-02 4.078822529999999794e-03
7.046299999999999786e-02 1.572302229999999676e-02 3.899554920000000181e-03
7.080300000000001870e-02 1.372698630000000058e-02 3.838635750000000003e-03
7.114199999999999691e-02 1.074650719999999983e-02 3.895638260000000141e-03
7.148199999999998999e-02 2.423969860000000157e-02 3.803017699999999921e-03
7.182200000000001083e-02 2.464242969999999935e-02 3.755361850000000102e-03
7.216100000000000292e-02 1.782341029999999840e-02 3.738069609999999845e-03
7.250099999999998213e-02 2.592846799999999272e-02 3.794879949999999807e-03
7.283999999999998809e-02 1.790514940000000402e-02 3.801837589999999996e-03
7.317999999999999505e-02 2.201447420000000182e-02 3.782364189999999973e-03
7.351899999999998714e-02 1.214666390000000359e-02 3.543954220000000190e-03
7.385899999999998022e-02 1.269635839999999974e-02 3.420042290000000016e-03
7.419899999999998719e-02 1.871797810000000103e-02 3.524328110000000177e-03
7.453799999999999315e-02 1.228215360000000159e-02 3.419607519999999946e-03
7.487800000000001399e-02 1.926519849999999701e-02 3.587467579999999850e-03
7.521699999999999220e-02 9.995080159999995828e-03 3.367543580000000036e-03
7.555699999999998528e-02 1.575039850000000199e-02 3.441028010000000015e-03
7.589700000000002000e-02 1.225754650000000258e-02 3.308459289999999848e-03
7.623599999999998433e-02 1.862909410000000363e-02 3.439568919999999846e-03
7.657599999999999130e-02 1.385974860000000267e-02 3.370228219999999841e-03
7.691500000000001114e-02 1.306198639999999779e-02 3.215208209999999810e-03
7.725500000000001810e-02 8.797747389999995699e-03 3.256869759999999909e-03
7.759400000000001019e-02 1.005095339999999976e-02 3.101358619999999931e-03
7.793400000000000327e-02 1.309433850000000198e-02 3.038241870000000112e-03
7.827400000000001024e-02 1.108495509999999837e-02 3.177028939999999857e-03
7.861300000000001620e-02 1.263002289999999757e-02 3.283998590000000023e-03
7.895300000000000928e-02 1.536674930000000300e-02 3.091517209999999818e-03
7.929200000000001525e-02 8.949955439999998999e-03 3.080812510000000178e-03
7.963199999999999446e-02 4.786461049999998600e-03 3.152066649999999814e-03
7.997099999999998654e-02 1.307581500000000105e-02 3.095257259999999958e-03
8.031100000000000738e-02 2.981849909999999357e-03 3.015099639999999862e-03
8.065100000000000047e-02 1.246185879999999954e-02 3.026941909999999840e-03
8.099000000000000643e-02 6.146289369999999481e-03 2.973500630000000099e-03
8.133000000000001339e-02 8.724454569999998133e-03 2.927310010000000202e-03
8.166899999999999160e-02 8.470227809999999677e-03 2.926243820000000006e-03
8.200899999999998469e-02 4.941532709999999981e-03 3.147339720000000025e-03
8.234900000000001941e-02 1.630001459999999916e-02 3.056706450000000116e-03
8.268799999999998374e-02 9.846423290000003159e-03 2.718651539999999891e-03
8.302800000000001845e-02 7.469541540000001860e-03 2.850969909999999906e-03
8.370699999999998975e-02 1.234910649999999832e-02 2.780643839999999856e-03
8.404600000000000959e-02 9.751655359999998260e-03 2.766655340000000185e-03
8.438599999999998880e-02 6.155103349999998044e-03 2.809795329999999897e-03
8.472599999999999576e-02 7.166460729999998315e-03 2.808862019999999998e-03
8.506500000000001560e-02 6.719981889999997182e-03 2.564536310000000135e-03
8.540500000000000869e-02 6.556631240000003642e-03 3.013690280000000041e-03
8.574400000000001465e-02 8.005028699999996306e-03 2.629041300000000032e-03
8.608400000000000774e-02 8.824546280000001436e-03 2.770756760000000086e-03
8.642399999999998694e-02 9.838723750000003682e-03 2.736706489999999985e-03
8.676300000000002066e-02 1.262816769999999984e-02 2.741645200000000088e-03
8.710299999999999987e-02 6.903405589999998988e-03 2.705547339999999929e-03
8.744200000000001971e-02 7.648398870000000689e-03 2.653648739999999850e-03
8.778199999999999892e-02 1.527929099999999867e-02 2.596730160000000013e-03
8.812100000000001876e-02 1.014038540000000016e-02 2.741595180000000031e-03
8.846099999999999797e-02 9.883556389999999248e-03 2.585342740000000101e-03
8.880100000000000493e-02 1.413702969999999781e-02 2.563736929999999806e-03
8.914000000000001089e-02 1.222944129999999595e-02 2.697838409999999808e-03
8.948000000000001786e-02 7.919586830000003783e-03 2.617875160000000204e-03
8.981900000000000994e-02 1.101693689999999962e-02 2.771793240000000168e-03
9.015899999999998915e-02 7.164291749999996718e-03 2.562178410000000121e-03
9.049899999999998224e-02 1.203882769999999568e-02 2.621463340000000034e-03
9.083800000000001595e-02 9.213382799999997666e-03 2.514927359999999997e-03
9.117799999999999516e-02 7.990759930000000677e-03 2.539384280000000181e-03
9.151700000000000113e-02 6.067302260000000808e-03 2.498778880000000063e-03
9.185699999999998033e-02 9.302629470000002218e-03 2.466223769999999985e-03
9.219599999999998630e-02 5.428706329999998838e-03 2.446895350000000049e-03
9.253599999999997938e-02 8.805758779999998953e-03 2.462922509999999898e-03
9.287600000000000022e-02 8.282760049999999055e-03 2.411231529999999842e-03
9.321500000000000619e-02 1.257140820000000186e-02 2.523928490000000146e-03
9.355500000000001315e-02 6.606022490000002835e-03 2.397286700000000013e-03
9.389399999999999136e-02 8.747765529999995942e-04 2.490585840000000134e-03
9.423399999999999832e-02 1.000015169999999773e-02 2.554596249999999992e-03
9.457400000000000528e-02 1.075286910000000130e-02 2.508494210000000030e-03
9.491299999999998349e-02 8.596254090000001596e-03 2.516737109999999788e-03
9.525300000000000433e-02 9.084684920000004119e-03 2.464183390000000175e-03
9.559199999999998254e-02 7.856324819999998058e-03 2.415305060000000163e-03
9.593200000000001726e-02 7.867091400000003273e-03 2.515533129999999833e-03
9.661100000000000243e-02 8.626998720000000898e-03 2.308298260000000122e-03
9.695099999999998164e-02 1.061412560000000137e-02 2.344535679999999907e-03
9.728999999999997372e-02 6.782291539999999765e-03 2.332357299999999849e-03
9.762999999999996681e-02 8.064526970000002876e-03 2.422356679999999960e-03
9.796899999999998665e-02 7.666738719999997322e-03 2.300022560000000021e-03
9.830899999999997974e-02 8.261924299999999152e-03 2.379373909999999998e-03
9.864799999999999958e-02 4.887072329999997931e-03 2.232876249999999826e-03
9.898800000000000654e-02 6.144676830000002712e-03 2.380697609999999926e-03
9.932800000000001350e-02 9.218271579999997786e-03 2.372313000000000026e-03
9.966700000000000559e-02 3.948570050000000005e-03 2.355394839999999917e-03
1.000069999999999848e-01 8.719948430000002554e-03 2.286650409999999977e-03
1.003460000000000046e-01 8.430881140000002355e-03 2.361304810000000066e-03
1.006859999999999977e-01 9.344389589999996595e-03 2.212471970000000170e-03
1.010260000000000047e-01 2.685659729999999648e-03 2.243786020000000138e-03
1.013649999999999968e-01 7.394781510000002743e-03 2.342477309999999990e-03
1.017050000000000037e-01 6.072527190000001282e-03 2.255288079999999938e-03
1.020439999999999958e-01 2.449691820000000561e-03 2.277158819999999806e-03
1.023839999999999889e-01 8.540169089999999005e-03 2.297075589999999796e-03
1.027229999999999949e-01 5.529138679999998432e-03 2.198905860000000163e-03
1.030630000000000018e-01 4.794312920000001754e-03 2.189184500000000005e-03
1.034029999999999810e-01 8.726097559999999864e-03 2.146457689999999897e-03
1.037420000000000148e-01 5.246291320000000605e-03 2.220466690000000212e-03
1.040819999999999940e-01 5.954245809999998001e-03 2.230698379999999925e-03
1.044209999999999861e-01 6.552982360000002629e-03 2.176392709999999849e-03
1.047610000000000069e-01 5.646753480000000699e-03 2.144524950000000190e-03
1.051010000000000000e-01 1.967526040000000965e-03 2.036341569999999997e-03
1.054400000000000059e-01 7.321177999999996765e-03 2.137185150000000047e-03
1.057799999999999851e-01 1.935610330000000568e-03 2.141937769999999967e-03
1.061190000000000050e-01 5.281174819999999784e-03 2.148370619999999832e-03
1.064590000000000120e-01 5.948178590000001258e-03 2.029412989999999917e-03
1.067979999999999902e-01 4.669977899999999509e-03 2.423822610000000120e-03
1.071379999999999971e-01 3.736880810000001683e-03 2.297416389999999784e-03
1.074780000000000041e-01 2.213108880000000042e-03 2.083477230000000194e-03
1.078169999999999962e-01 6.729552390000001667e-03 2.300855579999999938e-03
1.081570000000000170e-01 4.654113779999998271e-03 2.148879710000000005e-03
1.084959999999999952e-01 5.992462450000003021e-03 2.122798019999999879e-03
1.088359999999999883e-01 6.947713479999996673e-03 2.117329959999999893e-03
1.091760000000000091e-01 5.098815949999999271e-03 2.097938670000000071e-03
1.095150000000000151e-01 3.823723739999999871e-03 2.109004580000000111e-03
1.098549999999999804e-01 8.316570809999999925e-03 2.081966859999999798e-03
1.101939999999999864e-01 7.252523490000002682e-03 2.036309090000000110e-03
1.105339999999999934e-01 4.974456239999998537e-03 2.092015430000000037e-03
1.108729999999999855e-01 4.077577550000001903e-03 2.174541380000000104e-03
1.112130000000000063e-01 6.779506579999997062e-03 1.991119090000000036e-03
1.115529999999999994e-01 3.989404870000001074e-03 2.000931929999999817e-03
1.118920000000000053e-01 2.395100739999999045e-03 2.055117319999999990e-03
1.122320000000000123e-01 3.524619009999998328e-03 2.112045959999999962e-03
1.125710000000000044e-01 5.167987979999998441e-03 2.061625740000000168e-03
1.129110000000000114e-01 5.312817419999998382e-03 2.070175669999999978e-03
1.132499999999999896e-01 2.975604850000001123e-03 2.151977660000000195e-03
1.135900000000000104e-01 7.635321980000000890e-03 2.154651640000000094e-03
1.139300000000000035e-01 6.889421449999998809e-03 1.877277620000000020e-03
1.142689999999999956e-01 4.103082960000001451e-03 1.894586240000000095e-03
1.146090000000000164e-01 4.666140649999998315e-03 2.082328599999999814e-03
1.149479999999999946e-01 7.783156370000000532e-03 2.210759550000000045e-03
1.152880000000000155e-01 4.079991849999999899e-03 2.087806260000000039e-03
1.156279999999999947e-01 5.912112699999998687e-03 1.935519500000000082e-03
1.159669999999999868e-01 7.256659070000000093e-03 2.090699029999999996e-03
1.163069999999999937e-01 2.743301649999998777e-03 1.810627669999999908e-03
1.166460000000000136e-01 6.031066449999998927e-03 2.109159030000000087e-03
1.169860000000000066e-01 6.926727480000002130e-03 1.955842509999999868e-03
1.173249999999999849e-01 6.471788319999997874e-03 1.995283000000000039e-03
1.176650000000000057e-01 7.128959259999998778e-03 2.060760999999999930e-03
1.180049999999999988e-01 4.681415379999998017e-03 2.003207730000000023e-03
1.183439999999999909e-01 2.241114189999999021e-03 2.051880920000000077e-03
1.186839999999999978e-01 6.062704180000002240e-03 1.956547539999999898e-03
1.190229999999999899e-01 1.762993659999999340e-03 1.874419590000000026e-03
1.193629999999999969e-01 7.424788380000001825e-03 2.046936379999999851e-03
1.197030000000000038e-01 6.198478789999996297e-03 1.956854000000000059e-03
1.200419999999999821e-01 2.439170860000000520e-03 1.998653789999999854e-03
1.203820000000000029e-01 2.164279079999999536e-03 1.899265069999999962e-03
1.207210000000000089e-01 6.047678089999999548e-03 1.976907339999999912e-03
1.210610000000000019e-01 2.798072900000000713e-03 1.955182680000000072e-03
1.213999999999999801e-01 8.103859830000004205e-03 1.918376660000000030e-03
1.217399999999999871e-01 7.994621590000000610e-03 1.969897620000000092e-03
1.220799999999999802e-01 7.002384399999999655e-03 1.938277510000000099e-03
1.224190000000000139e-01 4.287981240000001380e-03 1.991429079999999970e-03
1.227590000000000070e-01 2.245941510000000561e-03 1.946366670000000080e-03
1.230979999999999852e-01 5.490457579999999220e-03 1.998622230000000194e-03
1.234380000000000061e-01 4.046141700000001167e-03 1.910472440000000058e-03
1.237779999999999991e-01 7.101991419999998528e-03 1.882136069999999902e-03
1.241170000000000051e-01 6.982102870000001307e-03 2.002131319999999898e-03
1.244570000000000121e-01 2.474640770000000566e-03 1.926543919999999972e-03
1.247959999999999903e-01 9.085449920000002177e-03 1.892830509999999990e-03
1.251359999999999972e-01 2.469512939999999376e-03 1.914177190000000087e-03
1.254750000000000032e-01 4.443326739999997957e-03 1.851903250000000098e-03
1.258150000000000102e-01 3.491460070000001071e-03 1.885492980000000101e-03
1.261549999999999894e-01 6.904048960000001671e-03 1.849205200000000101e-03
1.264939999999999953e-01 5.468085729999999818e-03 1.927504889999999936e-03
1.268339999999999745e-01 3.357546790000001495e-03 2.027494270000000133e-03
1.271730000000000083e-01 1.758880829999999278e-03 1.990588040000000006e-03
1.275129999999999875e-01 3.288493140000001147e-03 1.947788769999999952e-03
1.278529999999999944e-01 3.014996359999999685e-03 1.958350650000000200e-03
1.281920000000000004e-01 1.328943409999999627e-03 1.942205040000000073e-03
1.285320000000000074e-01 5.116489729999999791e-03 1.841674290000000101e-03
1.288710000000000411e-01 5.615130820000000487e-03 1.952941840000000035e-03
1.292109999999999925e-01 2.765349389999999154e-03 1.778092549999999968e-03
1.295499999999999985e-01 6.468299319999999859e-03 1.851897649999999923e-03
1.298900000000000055e-01 4.080880840000001251e-03 1.827824430000000045e-03
1.302300000000000124e-01 1.339159750000000178e-03 1.795710829999999994e-03
1.305689999999999629e-01 3.937471109999999240e-03 1.704199709999999974e-03
1.309089999999999976e-01 2.727010249999999632e-03 1.821288080000000014e-03
1.312480000000000036e-01 3.973857879999998129e-03 1.866538860000000084e-03
1.315879999999999828e-01 3.429369789999999699e-03 1.717971069999999932e-03
1.319269999999999887e-01 4.542205690000002127e-03 1.890768959999999986e-03
1.322670000000000234e-01 1.398956329999999360e-03 1.698309939999999990e-03
1.326070000000000026e-01 1.248599999999999667e-03 1.814094660000000001e-03
1.332859999999999878e-01 3.974427729999998812e-03 1.979372330000000058e-03
1.336249999999999938e-01 5.244431800000001927e-03 1.844673719999999958e-03
1.339650000000000285e-01 6.232951300000001867e-04 1.779927929999999912e-03
1.343050000000000077e-01 3.738593160000000786e-03 1.903753349999999902e-03
1.346440000000000137e-01 5.470804260000000814e-03 1.803317100000000062e-03
1.349839999999999929e-01 1.519105249999999846e-03 1.757234319999999902e-03
1.353229999999999988e-01 5.595550260000000178e-03 1.899279050000000045e-03
1.356630000000000058e-01 6.007966039999998974e-03 1.803932010000000022e-03
1.360020000000000395e-01 1.805642460000000428e-03 1.838658510000000090e-03
1.363419999999999632e-01 8.927028069999998032e-04 1.747064030000000092e-03
1.366819999999999979e-01 3.240892799999998963e-03 1.786004639999999935e-03
1.373610000000000109e-01 1.639299740000000173e-03 1.745315490000000098e-03
1.376999999999999891e-01 9.455480410000003180e-04 1.933543490000000017e-03
1.380399999999999683e-01 2.938413279999998844e-03 1.764952559999999901e-03
1.383800000000000030e-01 5.554042810000000586e-03 1.896798209999999915e-03
1.387190000000000367e-01 4.014785340000000258e-03 1.898532889999999997e-03
1.390589999999999882e-01 5.121632190000000202e-03 1.840393980000000051e-03
1.393979999999999664e-01 4.612138909999999835e-03 1.913810979999999934e-03
1.397380000000000289e-01 7.796658939999999210e-04 1.849361319999999909e-03
1.404169999999999585e-01 3.692393330000001694e-03 1.959109399999999813e-03
1.407570000000000210e-01 1.830254420000000399e-03 1.858802870000000104e-03
1.410959999999999992e-01 2.363300379999999819e-03 1.973383060000000189e-03
1.414360000000000062e-01 2.593909230000000961e-03 1.854599929999999931e-03
1.417750000000000121e-01 1.542294030000000791e-03 1.900340560000000076e-03
1.421149999999999913e-01 1.168437880000000205e-03 1.880157120000000093e-03
1.424549999999999983e-01 2.151905470000000688e-03 1.893266559999999933e-03
1.427940000000000043e-01 4.388017429999998414e-03 1.888122629999999975e-03
1.431340000000000112e-01 9.253519329999999963e-04 1.914726930000000028e-03
1.434729999999999894e-01 1.415655420000000312e-03 1.950205460000000108e-03
1.438130000000000241e-01 5.463064849999999971e-04 1.908381860000000043e-03
1.441520000000000024e-01 2.799633650000001462e-03 1.791306099999999922e-03
1.444920000000000093e-01 4.296812500000000284e-03 1.873691700000000050e-03
1.451709999999999945e-01 2.415514410000001080e-03 1.852594699999999964e-03
1.455110000000000292e-01 2.316018019999999036e-03 1.970799540000000086e-03
1.458500000000000074e-01 3.472040610000001488e-03 2.036346190000000184e-03
1.461899999999999866e-01 4.031081410000001558e-03 1.814216110000000000e-03
1.465289999999999926e-01 8.267529800000002899e-03 1.978626380000000039e-03
1.468689999999999996e-01 2.565609950000001353e-03 1.884728920000000021e-03
1.472090000000000065e-01 4.954541659999998036e-03 1.872904949999999995e-03
1.475480000000000125e-01 6.417816889999999712e-03 1.881189500000000079e-03
1.478880000000000194e-01 1.306553330000000427e-03 1.933076969999999962e-03
1.485670000000000046e-01 1.995927100000000239e-03 2.020057909999999849e-03
1.489070000000000116e-01 6.116231410000002450e-04 1.948848850000000060e-03
1.492459999999999898e-01 6.665867150000001152e-04 1.923716320000000033e-03
1.495859999999999967e-01 1.762232940000000225e-03 2.103536760000000033e-03
1.499250000000000027e-01 1.654900840000000711e-03 1.910494520000000085e-03
1.502650000000000097e-01 2.191802720000000666e-03 1.908066869999999922e-03
1.506039999999999601e-01 3.904061049999998402e-03 1.932028579999999982e-03
1.509439999999999948e-01 7.172049619999997742e-04 1.891630399999999967e-03
1.512840000000000018e-01 6.274032719999999425e-03 1.908735030000000043e-03
1.516230000000000078e-01 4.771201819999999630e-04 1.893498800000000025e-03
1.519630000000000147e-01 1.823427900000000601e-03 1.854217330000000000e-03
1.523019999999999929e-01 2.526840559999999746e-03 1.937663839999999955e-03
1.526419999999999999e-01 4.946140640000001691e-03 1.876881439999999925e-03
1.529820000000000346e-01 1.613870289999999597e-03 1.774542430000000063e-03
1.533209999999999851e-01 4.254959889999999044e-03 2.014814150000000022e-03
1.536609999999999920e-01 3.948293339999998063e-03 1.918939479999999965e-03
1.539999999999999980e-01 1.470312939999999374e-03 1.760024210000000035e-03
1.543400000000000327e-01 3.310171500000001245e-03 2.078757999999999995e-03
1.546790000000000109e-01 8.783019260000001546e-04 1.930138089999999937e-03
1.550189999999999901e-01 9.038856199999996876e-04 1.956360539999999881e-03
1.553589999999999971e-01 4.115108629999998484e-03 1.893011219999999988e-03
1.556980000000000308e-01 2.865936649999999922e-03 1.941481479999999926e-03
1.560379999999999823e-01 1.842172570000000752e-03 1.984008529999999829e-03
1.563769999999999882e-01 1.956220809999999633e-03 2.065239349999999866e-03
1.567169999999999674e-01 4.565246350000000571e-03 2.073121549999999789e-03
1.570569999999999744e-01 6.415446530000001781e-04 2.014480840000000030e-03
1.577359999999999873e-01 3.350358350000000665e-03 2.023906900000000102e-03
1.580750000000000210e-01 8.559521340000001083e-04 1.980465219999999818e-03
1.584149999999999725e-01 3.207286989999998811e-03 1.904487540000000074e-03
1.587540000000000062e-01 1.040700369999999477e-03 1.987839209999999954e-03
1.590940000000000132e-01 2.130732269999999987e-03 1.961572009999999928e-03
1.597729999999999984e-01 3.375988559999998535e-03 1.959453700000000128e-03
1.601130000000000331e-01 2.633524910000000201e-03 1.977238300000000188e-03
1.604519999999999835e-01 2.144896940000000883e-03 1.864911219999999901e-03
1.607919999999999905e-01 5.108158559999997992e-04 1.947314350000000022e-03
1.614710000000000034e-01 3.097434639999999649e-03 1.899875349999999991e-03
1.618110000000000104e-01 3.442937040000000355e-03 1.942519310000000035e-03
1.621500000000000163e-01 3.829545469999999160e-03 2.018565600000000147e-03
1.628290000000000015e-01 4.829142659999998040e-03 1.971349280000000027e-03
1.635089999999999877e-01 3.930520949999999087e-04 1.841733670000000054e-03
1.638479999999999659e-01 2.768896659999998955e-03 1.899745379999999992e-03
1.641880000000000006e-01 2.246917409999999414e-03 1.999421480000000174e-03
1.645270000000000066e-01 3.180809319999998875e-03 1.968106390000000025e-03
1.648670000000000413e-01 2.560281460000001386e-03 1.883741260000000020e-03
1.652060000000000195e-01 1.624319810000000603e-03 1.931405209999999999e-03
1.655460000000000265e-01 2.995371740000000223e-03 1.879344929999999993e-03
