3.141000000000000996e-03 4.001123300000000427e+01 4.557050620000000052e+00
3.311000000000000575e-03 4.896425750000000221e+01 3.267421670000000056e+00
3.481000000000000587e-03 4.352750320000000528e+01 2.594517549999999950e+00
3.650999999999999732e-03 3.935517950000000553e+01 2.233483699999999850e+00
3.820000000000001346e-03 4.027229649999999594e+01 1.937885220000000075e+00
3.990000000000001358e-03 3.727416749999999013e+01 1.800024110000000066e+00
4.160000000000000503e-03 3.569320280000000878e+01 1.646674989999999950e+00
4.330000000000001383e-03 3.396679739999999015e+01 1.610893350000000002e+00
4.498999999999999527e-03 3.384881289999999865e+01 1.501583139999999927e+00
4.668999999999997805e-03 3.151022799999999791e+01 1.456463789999999925e+00
4.839000000000002154e-03 3.358228059999999005e+01 1.437487270000000095e+00
5.009000000000003033e-03 3.279023879999999735e+01 1.385837889999999906e+00
5.178999999999999576e-03 2.812073999999999430e+01 1.313908029999999894e+00
5.347999999999998588e-03 2.808723600000000786e+01 1.226660679999999948e+00
5.518000000000000335e-03 2.844040070000000497e+01 1.184518720000000025e+00
5.688000000000000347e-03 2.581362049999999542e+01 1.156408539999999929e+00
5.858000000000001227e-03 2.574647350000000401e+01 1.132241709999999957e+00
6.027999999999998637e-03 2.512604290000000162e+01 1.093933379999999955e+00
6.197000000000001119e-03 2.605280950000000217e+01 1.040664830000000096e+00
6.367000000000001998e-03 2.464640150000000318e+01 1.039707630000000105e+00
6.536999999999999408e-03 2.542675759999999130e+01 1.035084389999999965e+00
6.707000000000002023e-03 2.219838289999999859e+01 9.537647620000000437e-01
6.877000000000001168e-03 2.230834330000000065e+01 9.420901449999999899e-01
7.045999999999998445e-03 1.938523100000000099e+01 8.529456119999999641e-01
7.216000000000001059e-03 2.012244490000000141e+01 8.936921829999999733e-01
7.386000000000001071e-03 1.969614600000000237e+01 8.428221030000000447e-01
7.556000000000001084e-03 1.995807309999999646e+01 8.489918119999999568e-01
7.726000000000001096e-03 1.719486609999999516e+01 7.728479729999999659e-01
7.895000000000002710e-03 1.792351940000000354e+01 7.915349080000000370e-01
8.064999999999999253e-03 1.762759030000000493e+01 8.003667319999999696e-01
8.235000000000002734e-03 1.837767140000000410e+01 7.631699079999999524e-01
8.404999999999997543e-03 1.738050859999999531e+01 7.365196640000000183e-01
8.574000000000000024e-03 1.613121969999999905e+01 7.055150199999999927e-01
8.743999999999996567e-03 1.469922849999999848e+01 6.868289189999999822e-01
8.913999999999996579e-03 1.472592999999999996e+01 6.772272219999999621e-01
9.083999999999996591e-03 1.457640279999999855e+01 6.375100900000000292e-01
9.254000000000001808e-03 1.439417969999999869e+01 6.636332059999999755e-01
9.422999999999995616e-03 1.311165689999999806e+01 6.046855909999999668e-01
9.593000000000002567e-03 1.380657750000000128e+01 6.277249790000000162e-01
9.762999999999997375e-03 1.274977540000000076e+01 5.894807459999999999e-01
9.933000000000006061e-03 1.160639620000000249e+01 5.632538059999999680e-01
1.010299999999999913e-02 1.206843809999999806e+01 5.776095660000000187e-01
1.027200000000000162e-02 1.107275999999999705e+01 5.292874400000000534e-01
1.044200000000000163e-02 1.183631010000000039e+01 5.607889809999999642e-01
1.061200000000000164e-02 1.115623549999999753e+01 5.184079069999999456e-01
1.078200000000000165e-02 1.043572329999999937e+01 5.080402349999999512e-01
1.095199999999999819e-02 9.995181410000000710e+00 5.038866659999999831e-01
1.112099999999999894e-02 1.034379090000000190e+01 4.934559029999999735e-01
1.129099999999999722e-02 1.041229719999999936e+01 5.050410349999999715e-01
1.146100000000000070e-02 9.002719609999997985e+00 4.576036980000000032e-01
1.163100000000000071e-02 9.687454480000001311e+00 4.751020269999999823e-01
1.180000000000000319e-02 8.977167910000000361e+00 4.556377389999999861e-01
1.197000000000000321e-02 8.443712169999997741e+00 4.269259009999999965e-01
1.213999999999999801e-02 8.865411449999999860e+00 4.488412390000000030e-01
1.231000000000000150e-02 8.678959000000000756e+00 4.347663150000000143e-01
1.247999999999999977e-02 7.774415210000000798e+00 4.097141460000000013e-01
1.264899999999999879e-02 8.329728270000000379e+00 4.250113150000000006e-01
1.281900000000000400e-02 7.553136499999999032e+00 3.957530300000000056e-01
1.298900000000000055e-02 7.151011779999999263e+00 3.921558949999999766e-01
1.315900000000000056e-02 7.643368860000000709e+00 3.897324750000000226e-01
1.332899999999999884e-02 6.637931659999999567e+00 3.649974109999999938e-01
1.349799999999999785e-02 7.034348059999999236e+00 3.746089739999999835e-01
1.366800000000000133e-02 7.351572370000000411e+00 3.820785349999999969e-01
1.383799999999999614e-02 6.569747070000000910e+00 3.648791439999999886e-01
1.400799999999999788e-02 6.409223779999999593e+00 3.438079600000000235e-01
1.417800000000000137e-02 6.580891939999998996e+00 3.530434650000000008e-01
1.434700000000000038e-02 6.550165340000000391e+00 3.465319689999999953e-01
1.451699999999999866e-02 6.389327609999999602e+00 3.434958630000000124e-01
1.468699999999999867e-02 6.540612180000000997e+00 3.448770179999999796e-01
1.485699999999999868e-02 6.505102979999999313e+00 3.366661910000000035e-01
1.502699999999999869e-02 5.575119179999999730e+00 3.146208529999999781e-01
1.519600000000000291e-02 5.794819630000000998e+00 3.250985009999999842e-01
1.536599999999999772e-02 6.041969719999999100e+00 3.261300719999999931e-01
1.553600000000000293e-02 5.920227279999999759e+00 3.154965120000000067e-01
1.570599999999999774e-02 5.506962930000001144e+00 3.050908489999999973e-01
1.587500000000000022e-02 5.209936100000001069e+00 3.048545180000000188e-01
1.604500000000000023e-02 5.286337839999999844e+00 2.954262249999999868e-01
1.621499999999999678e-02 5.225418150000000317e+00 3.001690089999999866e-01
1.638499999999999679e-02 4.498821660000000833e+00 2.705590330000000043e-01
1.655500000000000027e-02 4.344054459999999729e+00 2.646495130000000029e-01
1.672399999999999581e-02 4.119517000000000095e+00 2.610864110000000182e-01
1.689400000000000276e-02 4.454366059999999905e+00 2.615576359999999823e-01
1.706399999999999931e-02 4.161983400000000444e+00 2.565989100000000134e-01
1.723399999999999932e-02 3.963231150000000369e+00 2.473733369999999987e-01
1.740399999999999933e-02 3.787608130000000184e+00 2.642405849999999723e-01
1.757299999999999487e-02 3.997495629999999522e+00 2.543432540000000186e-01
1.774299999999999836e-02 3.977796469999999474e+00 2.580705409999999866e-01
1.791300000000000184e-02 3.970581720000000647e+00 2.597007150000000264e-01
1.808299999999999838e-02 2.983329359999999930e+00 2.246305989999999864e-01
1.825300000000000186e-02 3.366698749999999851e+00 2.365223569999999886e-01
1.842200000000000087e-02 3.286862520000000121e+00 2.309848650000000114e-01
1.859200000000000089e-02 3.220044459999999553e+00 2.320117190000000051e-01
1.876199999999999743e-02 3.630572480000000102e+00 2.575817590000000212e-01
1.893200000000000438e-02 3.106394939999999938e+00 2.219064540000000030e-01
1.910200000000000092e-02 3.006749409999999845e+00 2.351497509999999902e-01
1.927099999999999647e-02 2.792917350000000187e+00 2.199979290000000087e-01
1.944099999999999648e-02 2.624324580000000129e+00 2.120284739999999946e-01
1.961099999999999649e-02 3.102821290000000065e+00 2.336660379999999926e-01
1.978099999999999997e-02 2.512646900000000016e+00 2.001176879999999880e-01
1.994999999999999551e-02 2.694390859999999943e+00 2.084916179999999897e-01
2.012000000000000247e-02 2.528927159999999841e+00 2.070972080000000048e-01
2.028999999999999901e-02 2.713140890000000027e+00 2.135017399999999954e-01
2.046000000000000249e-02 2.619284529999999833e+00 2.049157129999999993e-01
2.062999999999999903e-02 2.355212739999999805e+00 1.927240319999999896e-01
2.079900000000000151e-02 2.636928800000000184e+00 2.106293290000000040e-01
2.096900000000000153e-02 2.517977619999999916e+00 2.017042219999999886e-01
2.113899999999999807e-02 1.886573499999999903e+00 1.885190780000000066e-01
2.130899999999999461e-02 2.654015390000000085e+00 2.036569609999999975e-01
2.147900000000000156e-02 2.279861789999999999e+00 1.923109400000000135e-01
2.164800000000000058e-02 1.885617730000000103e+00 1.811638279999999990e-01
2.181800000000000406e-02 1.824919029999999998e+00 1.727689719999999929e-01
2.198799999999999713e-02 1.999315879999999934e+00 1.866430930000000099e-01
2.215800000000000061e-02 1.866859620000000053e+00 1.666967659999999962e-01
2.232799999999999715e-02 1.488419399999999948e+00 1.641736370000000111e-01
2.249699999999999617e-02 1.984727040000000109e+00 1.860473400000000055e-01
2.266700000000000312e-02 1.771136400000000055e+00 1.658887709999999904e-01
2.283699999999999619e-02 1.509551609999999933e+00 1.687127109999999874e-01
2.300699999999999967e-02 1.685917480000000079e+00 1.665176660000000086e-01
2.317699999999999622e-02 1.698009660000000087e+00 1.621200989999999897e-01
2.334599999999999870e-02 1.486974699999999983e+00 1.504347729999999939e-01
2.351599999999999871e-02 1.481550520000000093e+00 1.556263089999999905e-01
2.368599999999999872e-02 1.336664429999999903e+00 1.416314039999999885e-01
2.385599999999999873e-02 1.123344480000000090e+00 1.346913170000000048e-01
2.402500000000000122e-02 1.207326979999999939e+00 1.388731089999999946e-01
2.419499999999999776e-02 1.284886689999999998e+00 1.343631849999999961e-01
2.436500000000000124e-02 1.359398340000000038e+00 1.388131170000000136e-01
2.453499999999999778e-02 1.296876200000000035e+00 1.391203589999999990e-01
2.470500000000000126e-02 9.042116019999999477e-01 1.226068129999999951e-01
2.487399999999999334e-02 1.114408529999999953e+00 1.248319779999999962e-01
2.504400000000000376e-02 8.955956840000000030e-01 1.110567040000000061e-01
2.521400000000000724e-02 7.969473759999999851e-01 1.112139949999999960e-01
2.538400000000000725e-02 8.155092459999999654e-01 1.145364180000000009e-01
2.555400000000000726e-02 8.958071939999999733e-01 1.189357050000000027e-01
2.572300000000000281e-02 8.554206490000000329e-01 1.141754080000000060e-01
2.589300000000000282e-02 8.728074820000000233e-01 1.072765069999999932e-01
2.597800000000000456e-02 6.238966099999999626e-01 1.818236230000000106e-02
2.631800000000000458e-02 5.885073159999999470e-01 1.737548939999999931e-02
2.665699999999999667e-02 5.005166530000000336e-01 1.669250389999999903e-02
2.699700000000000710e-02 4.662077059999999995e-01 1.575261340000000052e-02
2.733600000000000613e-02 4.107034059999999931e-01 1.541463759999999947e-02
2.767599999999999574e-02 3.714626879999999853e-01 1.442843090000000064e-02
2.801500000000000171e-02 3.369884430000000264e-01 1.374158590000000048e-02
2.835500000000000867e-02 3.437260970000000082e-01 1.386936620000000023e-02
2.869499999999999135e-02 2.861275030000000053e-01 1.301371429999999968e-02
2.903400000000000078e-02 2.572554019999999664e-01 1.251735290000000056e-02
2.937400000000000080e-02 2.306970130000000063e-01 1.192776369999999989e-02
2.971299999999999983e-02 2.215670800000000273e-01 1.182645509999999921e-02
3.005299999999999985e-02 1.924696220000000069e-01 1.149798320000000075e-02
3.039300000000000335e-02 1.664139769999999907e-01 1.033682749999999956e-02
3.073199999999999890e-02 1.612968869999999999e-01 1.012921089999999948e-02
3.107199999999999199e-02 1.408162960000000075e-01 9.976563109999999485e-03
3.141100000000000142e-02 1.319095130000000060e-01 9.965299889999999425e-03
3.175100000000000838e-02 1.195041520000000024e-01 9.445628129999999664e-03
3.209000000000000741e-02 1.055552000000000157e-01 9.300814629999999347e-03
3.243000000000000049e-02 1.009109409999999901e-01 9.144815659999999680e-03
3.277000000000000052e-02 9.515078020000000691e-02 8.960946980000000436e-03
3.310900000000000648e-02 8.716661540000002206e-02 8.783924360000000542e-03
3.344899999999999957e-02 8.290970000000001672e-02 8.734502539999999468e-03
3.378799999999999165e-02 7.577540990000000698e-02 8.598247099999999435e-03
3.412799999999999861e-02 7.517926419999998444e-02 9.107007659999999394e-03
3.446800000000000558e-02 7.464870760000001659e-02 8.933799839999999326e-03
3.480699999999999766e-02 8.780096139999998828e-02 8.578958089999999884e-03
3.514700000000000463e-02 6.410853449999999454e-02 8.611488579999999893e-03
3.548599999999999671e-02 7.560956489999999530e-02 8.966591759999999883e-03
3.582599999999998980e-02 6.771072520000001593e-02 8.678484090000000706e-03
3.616500000000000270e-02 5.401347170000000281e-02 9.185877070000000866e-03
3.650500000000000966e-02 7.398716179999999254e-02 9.147162219999999469e-03
3.684500000000000275e-02 7.821509129999998367e-02 9.074356540000000013e-03
3.718400000000000177e-02 6.403476539999999884e-02 9.127710049999999617e-03
3.752400000000000180e-02 8.205310909999997959e-02 8.974316379999999760e-03
3.786300000000000776e-02 7.422558800000000900e-02 9.251688019999999152e-03
3.820300000000000779e-02 7.017020090000000709e-02 9.158104079999999925e-03
3.854300000000000781e-02 8.261837109999999040e-02 9.251447439999999425e-03
3.888199999999999990e-02 7.645479550000000568e-02 9.410870959999999633e-03
3.922199999999999992e-02 7.664160700000000048e-02 9.412661629999999335e-03
3.956099999999999201e-02 1.073737319999999856e-01 9.227690570000000522e-03
3.990099999999999203e-02 8.436841609999998215e-02 9.254154400000000683e-03
4.023999999999999105e-02 8.298582129999999835e-02 9.194954849999999180e-03
4.057999999999999802e-02 9.416480849999998848e-02 9.146310609999999675e-03
4.091999999999999110e-02 8.217187710000001255e-02 9.003048609999999771e-03
4.125900000000000400e-02 9.462836759999999903e-02 9.294328500000000742e-03
4.159900000000000403e-02 8.373294079999998862e-02 9.248576589999999917e-03
4.193800000000000305e-02 9.805915630000000549e-02 8.942126099999999495e-03
4.227800000000000308e-02 8.079228780000001497e-02 9.341246949999999771e-03
4.261799999999999616e-02 9.315192459999999119e-02 9.118137470000000841e-03
4.295699999999999519e-02 8.923988380000001663e-02 9.141318089999999480e-03
4.329700000000000909e-02 6.341709439999999864e-02 9.012236150000000126e-03
4.363599999999999424e-02 9.216870439999999554e-02 8.966214789999999574e-03
4.397599999999999426e-02 7.631462120000001570e-02 8.922210439999999840e-03
4.431499999999999329e-02 8.745666529999998606e-02 8.901156869999999471e-03
4.465500000000000025e-02 6.994298520000000186e-02 9.226503400000000618e-03
4.499500000000000721e-02 8.861803249999998522e-02 8.616108529999999543e-03
4.533399999999999236e-02 7.007956010000000735e-02 8.936570269999999372e-03
4.567399999999999932e-02 5.612530810000001397e-02 8.821012519999999260e-03
4.601299999999999141e-02 7.906215580000000576e-02 8.806724479999999966e-03
4.635299999999999143e-02 8.244559270000000051e-02 8.534637700000000105e-03
4.669200000000000433e-02 7.532402330000001478e-02 8.635156600000000807e-03
4.703200000000000436e-02 7.431739719999999605e-02 8.169812259999999215e-03
4.737200000000000438e-02 6.847072590000000125e-02 8.180344650000000856e-03
4.771100000000001035e-02 6.824893469999998574e-02 8.041595570000000665e-03
4.805099999999998955e-02 7.172578460000000877e-02 7.913798879999999619e-03
4.839000000000000246e-02 6.148196720000001503e-02 7.348196440000000391e-03
4.873000000000000942e-02 5.196900499999999173e-02 7.399575089999999890e-03
4.907000000000000250e-02 6.759407550000001708e-02 7.480123120000000368e-03
4.940900000000000847e-02 5.361789630000000223e-02 7.207801229999999740e-03
4.974900000000000155e-02 5.712149069999999940e-02 6.845071299999999984e-03
5.008800000000001446e-02 5.579331220000001423e-02 7.139203660000000180e-03
5.042799999999999366e-02 5.027815249999999930e-02 6.754119299999999937e-03
5.076700000000000657e-02 3.952514050000000695e-02 6.723059180000000128e-03
5.110700000000000659e-02 3.890672259999999882e-02 6.541538300000000056e-03
5.144699999999999968e-02 4.381276120000000829e-02 6.469793950000000265e-03
5.178599999999998482e-02 3.412125609999999004e-02 6.554477179999999674e-03
5.212600000000000566e-02 4.752280450000000850e-02 6.422600050000000331e-03
5.246499999999999775e-02 3.398026370000000601e-02 6.445953889999999839e-03
5.280499999999999083e-02 3.956862710000000338e-02 6.267634480000000043e-03
5.314499999999998392e-02 3.836018189999999828e-02 5.948377129999999832e-03
5.348400000000000376e-02 3.194510209999999045e-02 5.904457089999999748e-03
5.382399999999998991e-02 2.161599460000000403e-02 6.205647409999999996e-03
5.416300000000000281e-02 2.060257350000000223e-02 6.121862879999999570e-03
5.450300000000001671e-02 3.191320980000000168e-02 5.593831409999999726e-03
5.484200000000000880e-02 2.152024300000000487e-02 5.740666600000000376e-03
5.518199999999999494e-02 3.292760039999999971e-02 5.857260720000000143e-03
5.552199999999998803e-02 3.418072479999999941e-02 5.372164760000000018e-03
5.586100000000000093e-02 2.667663250000000541e-02 5.618619400000000180e-03
5.620099999999999402e-02 2.703600109999999487e-02 5.364309129999999745e-03
5.653999999999999998e-02 2.486921279999999845e-02 5.703034230000000003e-03
5.688000000000000000e-02 3.210827400000000609e-02 5.140036490000000381e-03
5.722000000000000697e-02 2.692952649999999504e-02 5.462099429999999790e-03
5.755899999999999211e-02 1.743636460000000388e-02 5.279269809999999861e-03
5.789899999999999214e-02 2.564714469999999913e-02 5.209502409999999632e-03
5.823800000000000504e-02 2.286065850000000219e-02 5.085701320000000220e-03
5.857800000000001200e-02 2.508737819999999619e-02 5.279796720000000387e-03
5.891699999999998327e-02 2.915972250000000571e-02 5.113431110000000307e-03
5.925699999999998330e-02 2.922327549999999621e-02 4.850391580000000188e-03
5.959700000000001108e-02 2.979347900000000465e-02 5.129547610000000091e-03
5.993600000000000316e-02 2.334000460000000207e-02 4.962377839999999700e-03
6.027600000000001013e-02 2.526145069999999673e-02 4.922801779999999572e-03
6.061500000000000915e-02 3.015545120000000245e-02 4.738610390000000047e-03
6.095499999999999530e-02 1.899058459999999893e-02 4.907920789999999957e-03
6.129400000000000126e-02 2.119418220000000158e-02 4.637267010000000432e-03
6.163399999999999435e-02 2.532606869999999566e-02 4.628561160000000015e-03
6.197400000000001519e-02 2.365092959999999522e-02 4.784136869999999590e-03
6.231300000000000727e-02 3.003491100000000788e-02 4.542561680000000400e-03
6.265299999999998648e-02 2.840732899999999159e-02 4.668201119999999815e-03
6.299200000000002020e-02 2.330931099999999923e-02 4.589913810000000385e-03
6.333200000000001328e-02 1.940424619999999920e-02 4.577812080000000228e-03
6.367200000000000637e-02 2.487284390000000719e-02 4.381577220000000203e-03
6.401099999999998458e-02 2.476300379999999551e-02 4.412980789999999820e-03
6.435100000000000542e-02 2.923869689999999272e-02 4.398187300000000119e-03
6.469000000000001138e-02 1.721419220000000236e-02 4.442533129999999726e-03
6.502999999999999059e-02 1.940335580000000434e-02 4.332601939999999874e-03
6.536899999999999655e-02 2.664326999999999668e-02 4.316337249999999820e-03
6.570900000000000352e-02 2.930974030000000480e-02 4.137063479999999668e-03
6.604899999999998272e-02 2.459971720000000625e-02 4.197779189999999681e-03
6.638799999999998869e-02 2.558051119999999595e-02 4.180842080000000266e-03
6.672799999999999565e-02 2.211880570000000421e-02 4.243573080000000164e-03
6.706699999999998774e-02 2.137621639999999837e-02 4.076487230000000114e-03
6.740699999999999470e-02 2.034207260000000378e-02 4.202496170000000197e-03
6.774700000000000166e-02 1.859139080000000305e-02 3.989318569999999835e-03
6.808600000000000763e-02 2.516338699999999887e-02 4.023675699999999800e-03
6.842600000000000071e-02 2.394366879999999462e-02 3.833186729999999830e-03
6.876500000000000667e-02 1.754837879999999670e-02 4.007994350000000303e-03
6.910499999999998588e-02 2.619470299999999627e-02 3.754414169999999943e-03
6.944400000000000572e-02 2.091484469999999735e-02 3.982487449999999769e-03
6.978399999999998493e-02 2.168189099999999828e-02 3.603530089999999828e-03
7.012399999999999189e-02 2.233411979999999630e-02 3.791286389999999791e-03
7.046299999999999786e-02 2.222378559999999698e-02 3.743443029999999824e-03
7.080300000000001870e-02 2.297648489999999655e-02 3.755233479999999999e-03
7.114199999999999691e-02 2.176271520000000459e-02 3.856143790000000123e-03
7.148199999999998999e-02 3.006102250000000295e-02 3.604077179999999950e-03
7.182200000000001083e-02 2.164029879999999559e-02 3.348762170000000107e-03
7.216100000000000292e-02 2.234273000000000509e-02 3.539170950000000010e-03
7.250099999999998213e-02 2.260211930000000091e-02 3.376413469999999840e-03
7.283999999999998809e-02 2.214552299999999682e-02 3.591820470000000199e-03
7.317999999999999505e-02 2.122696879999999564e-02 3.442547709999999993e-03
7.351899999999998714e-02 2.195009280000000465e-02 3.504687509999999950e-03
7.385899999999998022e-02 2.176500270000000098e-02 3.373908410000000212e-03
7.419899999999998719e-02 2.502549509999999963e-02 3.378139349999999957e-03
7.453799999999999315e-02 1.578090699999999680e-02 3.240758560000000198e-03
7.487800000000001399e-02 1.425152489999999966e-02 3.165042050000000089e-03
7.521699999999999220e-02 1.875754200000000205e-02 3.328955299999999864e-03
7.555699999999998528e-02 1.906397690000000492e-02 3.241563529999999874e-03
7.589700000000002000e-02 1.994811080000000181e-02 3.239872229999999926e-03
7.623599999999998433e-02 2.069943770000000349e-02 3.198833329999999867e-03
7.657599999999999130e-02 1.476395420000000368e-02 3.125035480000000216e-03
7.691500000000001114e-02 2.049764409999999676e-02 3.143207600000000063e-03
7.725500000000001810e-02 1.589746439999999497e-02 3.189675500000000059e-03
7.759400000000001019e-02 1.530586450000000036e-02 2.999364200000000091e-03
7.793400000000000327e-02 2.045260280000000055e-02 2.979069080000000102e-03
7.827400000000001024e-02 1.121989470000000003e-02 2.934883630000000194e-03
7.861300000000001620e-02 1.496270910000000072e-02 3.084017080000000209e-03
7.895300000000000928e-02 1.507876910000000015e-02 2.824326040000000107e-03
7.929200000000001525e-02 1.611557619999999871e-02 3.030104110000000038e-03
7.963199999999999446e-02 1.280906109999999966e-02 3.129131930000000027e-03
7.997099999999998654e-02 1.547343570000000133e-02 2.906701429999999833e-03
8.031100000000000738e-02 7.561816219999998104e-03 2.930203849999999787e-03
8.065100000000000047e-02 1.690910539999999559e-02 2.896635020000000189e-03
8.099000000000000643e-02 1.650475980000000106e-02 3.020341079999999852e-03
8.133000000000001339e-02 1.717801210000000078e-02 2.919944020000000192e-03
8.166899999999999160e-02 1.799489220000000458e-02 2.946818329999999903e-03
8.200899999999998469e-02 7.653704830000001777e-03 2.996807749999999809e-03
8.234900000000001941e-02 1.363732089999999779e-02 2.728217429999999812e-03
8.268799999999998374e-02 2.049604860000000042e-02 2.785211249999999979e-03
8.302800000000001845e-02 1.543344820000000332e-02 2.842123619999999910e-03
8.336699999999999666e-02 8.883935700000001462e-03 2.930694709999999946e-03
8.370699999999998975e-02 1.461283299999999868e-02 2.611435650000000063e-03
8.404600000000000959e-02 1.729063930000000054e-02 2.748103769999999963e-03
8.438599999999998880e-02 1.106315159999999957e-02 2.734111129999999921e-03
8.472599999999999576e-02 1.384847039999999828e-02 2.771462149999999978e-03
8.506500000000001560e-02 1.570564199999999883e-02 2.617258239999999819e-03
8.540500000000000869e-02 1.073999170000000149e-02 2.899399840000000100e-03
8.574400000000001465e-02 1.582045530000000463e-02 2.636743479999999803e-03
8.608400000000000774e-02 1.494303950000000318e-02 2.714778819999999915e-03
8.642399999999998694e-02 1.123733260000000199e-02 2.559193750000000010e-03
8.676300000000002066e-02 1.722688479999999814e-02 2.633107850000000055e-03
8.710299999999999987e-02 1.559286499999999916e-02 2.727350150000000181e-03
8.744200000000001971e-02 1.174521230000000194e-02 2.561677550000000022e-03
8.778199999999999892e-02 1.821913890000000091e-02 2.443138110000000075e-03
8.812100000000001876e-02 1.292574890000000067e-02 2.598041530000000203e-03
8.846099999999999797e-02 1.476249339999999646e-02 2.508560610000000121e-03
8.880100000000000493e-02 1.900352989999999631e-02 2.468670180000000214e-03
8.914000000000001089e-02 1.258231609999999924e-02 2.485135570000000186e-03
8.948000000000001786e-02 1.230779080000000275e-02 2.533568319999999954e-03
8.981900000000000994e-02 1.382326990000000248e-02 2.622207630000000182e-03
9.015899999999998915e-02 1.433965800000000165e-02 2.556055230000000168e-03
9.049899999999998224e-02 1.482376809999999719e-02 2.476881949999999895e-03
9.083800000000001595e-02 1.263851459999999760e-02 2.407398060000000024e-03
9.117799999999999516e-02 1.594567800000000479e-02 2.549586060000000147e-03
9.151700000000000113e-02 1.107165909999999892e-02 2.448889960000000168e-03
9.185699999999998033e-02 1.331864219999999953e-02 2.376854160000000087e-03
9.219599999999998630e-02 1.355097859999999758e-02 2.485180699999999833e-03
9.253599999999997938e-02 1.336755829999999867e-02 2.390113829999999853e-03
9.287600000000000022e-02 1.455115480000000218e-02 2.390497599999999879e-03
9.321500000000000619e-02 1.141962130000000186e-02 2.278845529999999880e-03
9.355500000000001315e-02 1.151581960000000113e-02 2.348563039999999966e-03
9.389399999999999136e-02 8.188373719999997649e-03 2.519256860000000132e-03
9.423399999999999832e-02 1.321656869999999866e-02 2.433686950000000116e-03
9.457400000000000528e-02 1.327681170000000015e-02 2.369966140000000134e-03
9.491299999999998349e-02 1.162042159999999991e-02 2.399769249999999816e-03
9.525300000000000433e-02 9.747497300000003070e-03 2.287828510000000128e-03
9.559199999999998254e-02 8.626361379999999274e-03 2.249918410000000153e-03
9.593200000000001726e-02 1.150696440000000161e-02 2.416351910000000009e-03
9.627099999999999547e-02 7.946071140000000171e-03 2.475864630000000014e-03
9.661100000000000243e-02 9.875524880000000061e-03 2.158479599999999811e-03
9.695099999999998164e-02 1.033586619999999831e-02 2.141834070000000166e-03
9.728999999999997372e-02 1.300410350000000097e-02 2.320588320000000187e-03
9.762999999999996681e-02 9.739145269999997453e-03 2.279477450000000176e-03
9.796899999999998665e-02 1.564482250000000241e-02 2.330943969999999844e-03
9.830899999999997974e-02 1.225469870000000377e-02 2.297748660000000030e-03
9.864799999999999958e-02 1.142017500000000116e-02 2.247425659999999908e-03
9.898800000000000654e-02 9.297887440000004652e-03 2.286600360000000040e-03
9.932800000000001350e-02 1.341423199999999989e-02 2.291335439999999789e-03
9.966700000000000559e-02 1.071440159999999947e-02 2.363021810000000104e-03
1.000069999999999848e-01 1.498418829999999952e-02 2.267940879999999926e-03
1.003460000000000046e-01 1.059907770000000082e-02 2.233219910000000096e-03
1.006859999999999977e-01 1.543077759999999729e-02 2.194011779999999971e-03
1.010260000000000047e-01 6.562777440000002252e-03 2.195061140000000195e-03
1.013649999999999968e-01 1.227650970000000036e-02 2.287945420000000053e-03
1.017050000000000037e-01 9.716288070000005800e-03 2.182949249999999869e-03
1.020439999999999958e-01 9.098434269999998783e-03 2.294565880000000099e-03
1.023839999999999889e-01 1.139811759999999861e-02 2.190059170000000031e-03
1.027229999999999949e-01 1.047170489999999822e-02 2.168319900000000022e-03
1.030630000000000018e-01 1.040375579999999744e-02 2.178856529999999899e-03
1.034029999999999810e-01 1.677326750000000116e-02 2.183782049999999798e-03
1.037420000000000148e-01 1.132288870000000038e-02 2.216045260000000083e-03
1.040819999999999940e-01 9.377576619999997837e-03 2.154306229999999878e-03
1.044209999999999861e-01 9.094062179999999260e-03 2.078966670000000159e-03
1.047610000000000069e-01 1.008462580000000185e-02 2.103672540000000018e-03
1.051010000000000000e-01 8.433574899999997376e-03 2.076427440000000024e-03
1.054400000000000059e-01 1.206542789999999997e-02 2.096600589999999924e-03
1.057799999999999851e-01 5.868166479999997395e-03 2.103650940000000025e-03
1.061190000000000050e-01 1.044888889999999980e-02 2.126117319999999873e-03
1.064590000000000120e-01 1.239310780000000244e-02 2.050155100000000154e-03
1.067979999999999902e-01 6.119639200000002305e-03 2.289055889999999822e-03
1.071379999999999971e-01 8.183596720000000171e-03 2.247341830000000075e-03
1.074780000000000041e-01 1.169811080000000142e-02 2.185917319999999917e-03
1.078169999999999962e-01 8.784271499999999483e-03 2.180209829999999946e-03
1.081570000000000170e-01 1.031215440000000233e-02 2.139020609999999888e-03
1.084959999999999952e-01 1.039490510000000249e-02 2.078630880000000101e-03
1.088359999999999883e-01 1.163252409999999785e-02 2.076016889999999886e-03
1.091760000000000091e-01 8.063991780000003343e-03 2.022117190000000033e-03
1.095150000000000151e-01 1.194387659999999844e-02 2.165797899999999995e-03
1.098549999999999804e-01 1.048146479999999790e-02 1.971950909999999925e-03
1.101939999999999864e-01 1.023759400000000090e-02 1.956646859999999852e-03
1.105339999999999934e-01 8.142663169999996356e-03 2.022140779999999881e-03
1.108729999999999855e-01 7.053869530000001289e-03 2.096292229999999982e-03
1.112130000000000063e-01 1.319697100000000352e-02 2.006376749999999858e-03
1.115529999999999994e-01 1.202123659999999872e-02 2.066075379999999899e-03
1.118920000000000053e-01 7.163385559999997307e-03 2.040227620000000051e-03
1.122320000000000123e-01 7.230986289999997985e-03 2.058733899999999964e-03
1.125710000000000044e-01 8.407122239999996818e-03 1.994401199999999881e-03
1.129110000000000114e-01 8.961587629999996640e-03 2.011755960000000121e-03
1.132499999999999896e-01 8.519068969999996424e-03 2.140012020000000084e-03
1.135900000000000104e-01 8.897096369999996091e-03 2.019688329999999934e-03
1.139300000000000035e-01 1.335419330000000432e-02 1.903562479999999953e-03
1.142689999999999956e-01 1.337251099999999839e-02 2.004603780000000120e-03
1.146090000000000164e-01 9.128507619999996769e-03 2.043860089999999848e-03
1.149479999999999946e-01 8.647008319999999887e-03 2.062356259999999827e-03
1.152880000000000155e-01 7.657608999999997515e-03 2.030056599999999906e-03
1.156279999999999947e-01 1.232765890000000163e-02 1.954948169999999943e-03
1.159669999999999868e-01 7.859762059999999065e-03 1.944696130000000012e-03
1.163069999999999937e-01 9.679804369999997840e-03 1.875017400000000009e-03
1.166460000000000136e-01 6.942351659999999348e-03 1.975370609999999895e-03
1.169860000000000066e-01 1.336640210000000079e-02 1.969227029999999923e-03
1.173249999999999849e-01 1.133334150000000172e-02 1.965593209999999882e-03
1.176650000000000057e-01 9.581154620000004174e-03 1.963330240000000018e-03
1.180049999999999988e-01 7.652928629999999031e-03 1.933547949999999977e-03
1.183439999999999909e-01 8.522590070000000614e-03 2.066878109999999852e-03
1.186839999999999978e-01 8.889554420000002691e-03 1.881011269999999930e-03
1.190229999999999899e-01 1.018045549999999771e-02 1.966426370000000107e-03
1.193629999999999969e-01 6.224479230000000592e-03 1.857713009999999946e-03
1.197030000000000038e-01 1.081151339999999843e-02 1.924435929999999918e-03
1.200419999999999821e-01 5.131248889999997023e-03 1.932064889999999960e-03
1.203820000000000029e-01 6.459641459999997636e-03 1.882069940000000033e-03
1.207210000000000089e-01 9.374030899999996613e-03 1.911187410000000052e-03
1.210610000000000019e-01 9.641188169999998642e-03 1.990555040000000029e-03
1.213999999999999801e-01 1.310494440000000045e-02 1.890369330000000016e-03
1.217399999999999871e-01 8.629095229999998035e-03 1.828654349999999989e-03
1.220799999999999802e-01 7.799779440000000584e-03 1.807687450000000032e-03
1.224190000000000139e-01 6.400810589999997476e-03 1.902032049999999915e-03
1.227590000000000070e-01 5.703584880000000211e-03 1.902290669999999982e-03
1.230979999999999852e-01 7.700602279999997114e-03 1.905526770000000010e-03
1.234380000000000061e-01 7.425662329999998222e-03 1.859805680000000067e-03
1.237779999999999991e-01 7.414672079999997702e-03 1.741701960000000080e-03
1.241170000000000051e-01 7.911272919999996767e-03 1.871308120000000083e-03
1.244570000000000121e-01 9.961249060000001640e-03 1.977375750000000005e-03
1.247959999999999903e-01 1.082256180000000165e-02 1.779541869999999928e-03
1.251359999999999972e-01 8.381136389999998410e-03 1.929180049999999974e-03
1.254750000000000032e-01 9.173719260000001013e-03 1.837137969999999999e-03
1.258150000000000102e-01 1.029643189999999812e-02 1.920432400000000048e-03
1.261549999999999894e-01 1.110694189999999852e-02 1.810141010000000097e-03
1.264939999999999953e-01 8.221018489999998985e-03 1.852416219999999947e-03
1.268339999999999745e-01 4.867300820000001679e-03 1.923927040000000029e-03
1.271730000000000083e-01 5.300361199999997427e-03 1.943401530000000033e-03
1.275129999999999875e-01 6.024843369999996999e-03 1.879477660000000022e-03
1.278529999999999944e-01 8.229926819999996979e-03 1.945896849999999983e-03
1.281920000000000004e-01 7.776081949999999465e-03 1.967628190000000020e-03
1.285320000000000074e-01 9.533877760000001797e-03 1.815319780000000053e-03
1.288710000000000411e-01 6.378652319999999001e-03 1.827091969999999899e-03
1.292109999999999925e-01 8.086718709999997715e-03 1.791022400000000106e-03
1.295499999999999985e-01 8.200279659999996917e-03 1.752457029999999897e-03
1.298900000000000055e-01 9.500830749999997910e-03 1.830556240000000019e-03
1.302300000000000124e-01 1.133993220000000142e-02 1.919388130000000085e-03
1.305689999999999629e-01 1.119459769999999951e-02 1.767698579999999907e-03
1.309089999999999976e-01 8.677680089999997154e-03 1.841927520000000021e-03
1.312480000000000036e-01 7.710735900000000552e-03 1.824351890000000011e-03
1.315879999999999828e-01 1.155881249999999964e-02 1.801859129999999970e-03
1.319269999999999887e-01 8.630375670000004287e-03 1.851219839999999981e-03
1.322670000000000234e-01 8.147935659999997610e-03 1.760143860000000070e-03
1.326070000000000026e-01 7.809270230000001783e-03 1.853800380000000065e-03
1.329460000000000086e-01 6.891796340000002491e-03 1.787931339999999925e-03
1.332859999999999878e-01 5.942152820000001952e-03 1.886068120000000030e-03
1.336249999999999938e-01 7.945268340000002233e-03 1.773505789999999969e-03
1.339650000000000285e-01 5.243638810000002086e-03 1.780728880000000038e-03
1.343050000000000077e-01 8.061374720000003685e-03 1.870468020000000051e-03
1.346440000000000137e-01 9.285692049999995368e-03 1.761288069999999897e-03
1.349839999999999929e-01 7.124208610000002696e-03 1.778845519999999909e-03
1.353229999999999988e-01 6.252984360000002524e-03 1.774311869999999980e-03
1.356630000000000058e-01 9.693385410000003241e-03 1.758343579999999953e-03
1.360020000000000395e-01 7.480986540000001545e-03 1.853295029999999909e-03
1.363419999999999632e-01 6.753417779999998892e-03 1.784007100000000031e-03
1.366819999999999979e-01 9.230616399999998917e-03 1.811149740000000041e-03
1.370210000000000039e-01 4.712505539999999223e-03 1.900015730000000026e-03
1.373610000000000109e-01 9.681595080000000852e-03 1.832940930000000104e-03
1.376999999999999891e-01 5.346294389999999008e-03 1.913340190000000027e-03
1.380399999999999683e-01 5.238920279999997355e-03 1.702985389999999918e-03
1.383800000000000030e-01 8.808516889999999655e-03 1.834775600000000065e-03
1.387190000000000367e-01 5.892599940000001549e-03 1.810122070000000100e-03
1.390589999999999882e-01 7.768067340000003006e-03 1.770869800000000058e-03
1.393979999999999664e-01 5.991955539999999775e-03 1.809614400000000107e-03
1.397380000000000289e-01 5.090377240000001739e-03 1.840110270000000058e-03
1.400770000000000071e-01 6.706663289999998702e-03 1.915796190000000100e-03
1.404169999999999585e-01 7.829276990000003447e-03 1.923004419999999916e-03
1.407570000000000210e-01 6.146435539999998282e-03 1.846434689999999941e-03
1.410959999999999992e-01 5.481998329999999628e-03 1.917753249999999991e-03
1.414360000000000062e-01 6.751528750000000169e-03 1.836444449999999947e-03
1.417750000000000121e-01 4.413946030000000069e-03 1.849862519999999951e-03
1.421149999999999913e-01 6.444173149999998622e-03 1.894107940000000056e-03
1.424549999999999983e-01 8.922018890000002825e-03 1.938067539999999925e-03
1.427940000000000043e-01 5.161676980000000012e-03 1.771695580000000065e-03
1.431340000000000112e-01 7.737946049999997085e-03 1.963787329999999807e-03
1.434729999999999894e-01 5.799698310000000329e-03 1.934300979999999896e-03
1.438130000000000241e-01 7.044367630000003717e-03 1.954410550000000146e-03
1.441520000000000024e-01 6.075022620000002094e-03 1.757636709999999903e-03
1.444920000000000093e-01 7.242716540000001917e-03 1.817604399999999927e-03
1.448319999999999885e-01 3.858993319999999821e-03 2.009819429999999945e-03
1.451709999999999945e-01 7.247072360000002267e-03 1.857500700000000015e-03
1.455110000000000292e-01 4.669550760000001910e-03 1.899999319999999894e-03
