3.141000000000000996e-03 2.747163139999998975e+02 6.913953150000000214e+00
3.311000000000000575e-03 2.166801570000000083e+02 5.131843719999999998e+00
3.481000000000000587e-03 1.772159339999999190e+02 4.473761780000000243e+00
3.650999999999999732e-03 1.531673110000000690e+02 3.989320279999999830e+00
3.820000000000001346e-03 1.327076159999999447e+02 3.456157829999999986e+00
3.990000000000001358e-03 1.144944790000000268e+02 3.152425819999999934e+00
4.160000000000000503e-03 1.035931229999999914e+02 2.837495399999999890e+00
4.330000000000001383e-03 9.551799550000002625e+01 2.763414229999999971e+00
4.498999999999999527e-03 9.084344060000000809e+01 2.589927729999999872e+00
4.668999999999997805e-03 7.783424730000001546e+01 2.364987360000000205e+00
4.839000000000002154e-03 7.323327640000000827e+01 2.244382009999999816e+00
5.009000000000003033e-03 6.696638869999999599e+01 2.089030559999999870e+00
5.178999999999999576e-03 6.450669779999999776e+01 2.089326810000000201e+00
5.347999999999998588e-03 6.509826569999998469e+01 1.967046880000000053e+00
5.518000000000000335e-03 5.819289750000000083e+01 1.821268609999999954e+00
5.688000000000000347e-03 5.934172090000000566e+01 1.865160149999999906e+00
5.858000000000001227e-03 6.038688389999998662e+01 1.849800340000000043e+00
6.027999999999998637e-03 5.515203080000000568e+01 1.739151380000000024e+00
6.197000000000001119e-03 5.487579900000000777e+01 1.636004769999999997e+00
6.367000000000001998e-03 5.194537799999999805e+01 1.625917239999999930e+00
6.536999999999999408e-03 5.461466829999999817e+01 1.640484220000000049e+00
6.707000000000002023e-03 5.353442560000000583e+01 1.599525160000000001e+00
6.877000000000001168e-03 5.243175420000000742e+01 1.562721349999999898e+00
7.045999999999998445e-03 4.957841920000000613e+01 1.475275359999999925e+00
7.216000000000001059e-03 5.116532279999999133e+01 1.532616549999999966e+00
7.386000000000001071e-03 5.296111840000001081e+01 1.499268840000000047e+00
7.556000000000001084e-03 4.741435890000001763e+01 1.413766239999999952e+00
7.726000000000001096e-03 5.063580240000000288e+01 1.432211270000000036e+00
7.895000000000002710e-03 4.784050380000000047e+01 1.388460400000000039e+00
8.064999999999999253e-03 5.042664179999999874e+01 1.457235239999999932e+00
8.235000000000002734e-03 4.936402839999999514e+01 1.354181719999999922e+00
8.404999999999997543e-03 5.265588339999999334e+01 1.394323750000000084e+00
8.574000000000000024e-03 5.292812389999999567e+01 1.384392559999999994e+00
8.743999999999996567e-03 4.878589930000000408e+01 1.348516150000000025e+00
8.913999999999996579e-03 5.281378360000000782e+01 1.387220550000000108e+00
9.083999999999996591e-03 5.279668360000000860e+01 1.322726580000000096e+00
9.254000000000001808e-03 5.432668249999999688e+01 1.389021990000000040e+00
9.422999999999995616e-03 5.577799199999999757e+01 1.342941249999999975e+00
9.593000000000002567e-03 5.935660369999998665e+01 1.415161249999999926e+00
9.762999999999997375e-03 5.763945020000001307e+01 1.354143569999999963e+00
9.933000000000006061e-03 5.833248370000000449e+01 1.353193429999999919e+00
1.010299999999999913e-02 6.443085400000001073e+01 1.449102029999999930e+00
1.027200000000000162e-02 6.727294590000001051e+01 1.416330199999999984e+00
1.044200000000000163e-02 6.645031909999998732e+01 1.430543770000000103e+00
1.061200000000000164e-02 6.890256209999998305e+01 1.402418740000000108e+00
1.078200000000000165e-02 7.630272800000001610e+01 1.494144289999999931e+00
1.095199999999999819e-02 7.715883399999998460e+01 1.521812729999999947e+00
1.112099999999999894e-02 7.946217839999999910e+01 1.470734130000000084e+00
1.129099999999999722e-02 8.739890699999999413e+01 1.568532269999999951e+00
1.146100000000000070e-02 9.167356300000001568e+01 1.577818519999999891e+00
1.163100000000000071e-02 9.919326980000001015e+01 1.648392199999999974e+00
1.180000000000000319e-02 1.007632649999999757e+02 1.644800569999999906e+00
1.197000000000000321e-02 1.050392419999999873e+02 1.626912160000000052e+00
1.213999999999999801e-02 1.101176749999999629e+02 1.708969830000000023e+00
1.231000000000000150e-02 1.159689049999999781e+02 1.722069269999999985e+00
1.247999999999999977e-02 1.184552930000000259e+02 1.725586319999999896e+00
1.264899999999999879e-02 1.205667329999999424e+02 1.727324979999999899e+00
1.281900000000000400e-02 1.284370649999999614e+02 1.755619110000000038e+00
1.298900000000000055e-02 1.283441540000000316e+02 1.795708780000000004e+00
1.315900000000000056e-02 1.307539659999999344e+02 1.745625179999999999e+00
1.332899999999999884e-02 1.305522769999999753e+02 1.761471690000000034e+00
1.349799999999999785e-02 1.309611690000000692e+02 1.727449980000000052e+00
1.366800000000000133e-02 1.290205529999999783e+02 1.727398479999999958e+00
1.383799999999999614e-02 1.244980979999999420e+02 1.710610769999999947e+00
1.400799999999999788e-02 1.246643619999999544e+02 1.639872489999999905e+00
1.417800000000000137e-02 1.185113450000000483e+02 1.620205010000000057e+00
1.434700000000000038e-02 1.138279579999999953e+02 1.578007219999999933e+00
1.451699999999999866e-02 1.060571780000000359e+02 1.523511339999999992e+00
1.468699999999999867e-02 1.025381180000000114e+02 1.486860590000000037e+00
1.485699999999999868e-02 9.337187799999999527e+01 1.376910580000000106e+00
1.502699999999999869e-02 8.582314019999998322e+01 1.351078910000000022e+00
1.519600000000000291e-02 7.920806749999998431e+01 1.281793579999999988e+00
1.536599999999999772e-02 7.473519469999999387e+01 1.244681139999999964e+00
1.553600000000000293e-02 6.707377589999998690e+01 1.152760430000000058e+00
1.570599999999999774e-02 6.088839500000000271e+01 1.096877740000000045e+00
1.587500000000000022e-02 5.687389049999998747e+01 1.076069020000000043e+00
1.604500000000000023e-02 5.246089919999999296e+01 1.009422800000000064e+00
1.621499999999999678e-02 4.846203429999999912e+01 9.716881450000000031e-01
1.638499999999999679e-02 4.411993159999999392e+01 9.107475689999999791e-01
1.655500000000000027e-02 4.192255149999999020e+01 8.973038770000000275e-01
1.672399999999999581e-02 3.860252599999999035e+01 8.608786739999999549e-01
1.689400000000000276e-02 3.636373619999999818e+01 8.129102959999999767e-01
1.706399999999999931e-02 3.381122279999999591e+01 7.918115930000000358e-01
1.723399999999999932e-02 3.107692769999999527e+01 7.559528239999999677e-01
1.740399999999999933e-02 2.940923780000000320e+01 7.674272170000000504e-01
1.757299999999999487e-02 2.772568149999999676e+01 7.263897609999999672e-01
1.774299999999999836e-02 2.628391610000000256e+01 7.090277200000000279e-01
1.791300000000000184e-02 2.325393150000000020e+01 6.798431409999999842e-01
1.808299999999999838e-02 2.336659460000000266e+01 6.661257760000000028e-01
1.825300000000000186e-02 2.297661759999999731e+01 6.745361119999999655e-01
1.842200000000000087e-02 2.078577140000000512e+01 6.270037170000000160e-01
1.859200000000000089e-02 1.993253060000000332e+01 6.258697009999999450e-01
1.876199999999999743e-02 1.947134140000000357e+01 6.276458630000000261e-01
1.893200000000000438e-02 1.927575410000000034e+01 5.994587679999999752e-01
1.910200000000000092e-02 1.780392679999999572e+01 5.920639619999999992e-01
1.927099999999999647e-02 1.810298640000000248e+01 5.871538109999999699e-01
1.944099999999999648e-02 1.688247050000000016e+01 5.749227289999999657e-01
1.961099999999999649e-02 1.751890579999999886e+01 5.898104680000000322e-01
1.978099999999999997e-02 1.603754929999999845e+01 5.469817970000000473e-01
1.994999999999999551e-02 1.589349599999999718e+01 5.515201640000000349e-01
2.012000000000000247e-02 1.634697059999999880e+01 5.525238300000000491e-01
2.028999999999999901e-02 1.674197999999999809e+01 5.705615019999999982e-01
2.046000000000000249e-02 1.644249080000000518e+01 5.556237699999999613e-01
2.062999999999999903e-02 1.566529749999999765e+01 5.371986279999999558e-01
2.079900000000000151e-02 1.509009629999999902e+01 5.418849500000000319e-01
2.096900000000000153e-02 1.556902340000000251e+01 5.330846839999999753e-01
2.113899999999999807e-02 1.561503740000000207e+01 5.503819989999999551e-01
2.130899999999999461e-02 1.604184169999999909e+01 5.390569219999999939e-01
2.147900000000000156e-02 1.538224279999999666e+01 5.322803999999999869e-01
2.164800000000000058e-02 1.582651489999999761e+01 5.501563959999999920e-01
2.181800000000000406e-02 1.482494160000000072e+01 5.167229519999999576e-01
2.198799999999999713e-02 1.618196630000000269e+01 5.502106119999999878e-01
2.215800000000000061e-02 1.544435729999999829e+01 5.209574519999999875e-01
2.232799999999999715e-02 1.543559989999999971e+01 5.337307070000000264e-01
2.249699999999999617e-02 1.573101640000000145e+01 5.426091600000000348e-01
2.266700000000000312e-02 1.578227680000000177e+01 5.281402750000000479e-01
2.283699999999999619e-02 1.588616829999999780e+01 5.417773129999999826e-01
2.300699999999999967e-02 1.621093409999999579e+01 5.356153080000000122e-01
2.317699999999999622e-02 1.580564290000000049e+01 5.316227049999999732e-01
2.334599999999999870e-02 1.561268640000000296e+01 5.227517579999999553e-01
2.351599999999999871e-02 1.594190170000000251e+01 5.302951240000000066e-01
2.368599999999999872e-02 1.532647429999999744e+01 5.129710330000000207e-01
2.385599999999999873e-02 1.496324709999999847e+01 4.996763960000000226e-01
2.402500000000000122e-02 1.483634629999999888e+01 4.915429170000000236e-01
2.419499999999999776e-02 1.408124259999999950e+01 4.665738770000000257e-01
2.436500000000000124e-02 1.342148170000000107e+01 4.586607639999999986e-01
2.453499999999999778e-02 1.309741600000000084e+01 4.544891870000000167e-01
2.470500000000000126e-02 1.297329849999999674e+01 4.464597390000000221e-01
2.487399999999999334e-02 1.250536939999999575e+01 4.351264189999999865e-01
2.504400000000000376e-02 1.256183490000000091e+01 4.295650489999999766e-01
2.521400000000000724e-02 1.120484640000000098e+01 4.087502459999999838e-01
2.538400000000000725e-02 1.201275339999999758e+01 4.209775740000000210e-01
2.555400000000000726e-02 1.024196220000000146e+01 3.843682920000000003e-01
2.572300000000000281e-02 9.886095049999999773e+00 3.798051470000000096e-01
2.589300000000000282e-02 9.685483180000000303e+00 3.697848380000000046e-01
2.606299999999999936e-02 9.893924930000000728e+00 3.739964800000000200e-01
2.623300000000000284e-02 8.863017810000000551e+00 3.491626469999999927e-01
2.640300000000000286e-02 8.603279320000000396e+00 3.429614129999999927e-01
2.657199999999999493e-02 7.725476089999999019e+00 3.292819929999999951e-01
2.674199999999999841e-02 7.579023480000000923e+00 3.255217220000000133e-01
2.691200000000000189e-02 7.055717730000000465e+00 3.104646409999999856e-01
2.708200000000000190e-02 5.653725429999998831e+00 2.716842729999999762e-01
2.725100000000000092e-02 6.258777290000000271e+00 2.883911029999999820e-01
2.742100000000000093e-02 5.549352169999998807e+00 2.734147789999999967e-01
2.759099999999999400e-02 4.962949700000000242e+00 2.533022779999999918e-01
2.776100000000000789e-02 5.220811879999999405e+00 2.613185720000000267e-01
2.793100000000000097e-02 3.977337840000000124e+00 2.287487229999999871e-01
2.809999999999999304e-02 3.857974210000000070e+00 2.251143650000000107e-01
2.826999999999999652e-02 3.703521250000000098e+00 2.188716129999999926e-01
2.843999999999999653e-02 3.700661489999999443e+00 2.176250570000000106e-01
2.861000000000000001e-02 2.914407559999999897e+00 1.954069710000000126e-01
2.878000000000000350e-02 3.222714030000000118e+00 1.987969280000000116e-01
2.894899999999999904e-02 3.109154600000000102e+00 1.974075130000000067e-01
2.911899999999999905e-02 2.710703570000000173e+00 1.843324970000000118e-01
2.928900000000000253e-02 2.357067030000000063e+00 1.758766730000000111e-01
2.945899999999999561e-02 2.204444270000000206e+00 1.710273029999999916e-01
2.962899999999999562e-02 1.988363179999999897e+00 1.539833509999999905e-01
2.979800000000000504e-02 1.852716519999999978e+00 1.542758479999999932e-01
2.996799999999999811e-02 1.841068249999999962e+00 1.493149139999999930e-01
3.039300000000000335e-02 1.429837119999999961e+00 2.609824139999999959e-02
3.073199999999999890e-02 1.213444179999999983e+00 2.436031480000000124e-02
3.107199999999999199e-02 1.060179149999999959e+00 2.275521640000000012e-02
3.141100000000000142e-02 9.241444909999999568e-01 2.133265120000000029e-02
3.175100000000000838e-02 8.332066280000000047e-01 2.045535450000000172e-02
3.209000000000000741e-02 7.454237540000000495e-01 1.928975349999999950e-02
3.243000000000000049e-02 6.912395449999999553e-01 1.860007519999999984e-02
3.277000000000000052e-02 6.289931479999999464e-01 1.773203500000000016e-02
3.310900000000000648e-02 5.827528180000000058e-01 1.710746590000000039e-02
3.344899999999999957e-02 5.274281140000000034e-01 1.640222950000000054e-02
3.378799999999999165e-02 5.295179110000000078e-01 1.636277939999999931e-02
3.412799999999999861e-02 5.078336190000000139e-01 1.648408230000000113e-02
3.446800000000000558e-02 4.594289509999999743e-01 1.579506160000000020e-02
3.480699999999999766e-02 5.040470139999999599e-01 1.597984709999999975e-02
3.514700000000000463e-02 4.767137069999999865e-01 1.607739149999999964e-02
3.548599999999999671e-02 4.952028649999999366e-01 1.638812939999999968e-02
3.582599999999998980e-02 5.181644090000000480e-01 1.662866480000000161e-02
3.616500000000000270e-02 4.829337779999999802e-01 1.659782790000000063e-02
3.650500000000000966e-02 5.061748790000000220e-01 1.670140839999999932e-02
3.684500000000000275e-02 5.394217089999999715e-01 1.696086020000000041e-02
3.718400000000000177e-02 5.407603020000000260e-01 1.718158549999999896e-02
3.752400000000000180e-02 5.563505739999999866e-01 1.705935990000000124e-02
3.786300000000000776e-02 5.529431390000000279e-01 1.730329710000000007e-02
3.820300000000000779e-02 5.925920980000000116e-01 1.781002929999999859e-02
3.854300000000000781e-02 5.751089969999999552e-01 1.737271069999999848e-02
3.888199999999999990e-02 5.944912759999999574e-01 1.779821319999999943e-02
3.922199999999999992e-02 6.079508449999999620e-01 1.797464760000000092e-02
3.956099999999999201e-02 5.970439969999999930e-01 1.730209099999999861e-02
3.990099999999999203e-02 6.280336140000000178e-01 1.804870570000000063e-02
4.023999999999999105e-02 6.455877869999999685e-01 1.802029839999999897e-02
4.057999999999999802e-02 6.683937479999999542e-01 1.834212179999999970e-02
4.091999999999999110e-02 6.476321050000000135e-01 1.794451450000000142e-02
4.125900000000000400e-02 6.554106659999999751e-01 1.813359709999999916e-02
4.159900000000000403e-02 6.599252740000000061e-01 1.825578760000000009e-02
4.193800000000000305e-02 6.814241840000000439e-01 1.804901349999999891e-02
4.227800000000000308e-02 6.596673680000000317e-01 1.837618989999999924e-02
4.261799999999999616e-02 6.599339570000000155e-01 1.797612159999999876e-02
4.295699999999999519e-02 6.850227760000000554e-01 1.827274190000000020e-02
4.329700000000000909e-02 6.840427420000000369e-01 1.842832579999999915e-02
4.363599999999999424e-02 7.386736649999999793e-01 1.870699439999999950e-02
4.397599999999999426e-02 6.907795350000000001e-01 1.835132080000000110e-02
4.431499999999999329e-02 6.927697830000000279e-01 1.811831560000000049e-02
4.465500000000000025e-02 6.687251410000000229e-01 1.822449199999999839e-02
4.499500000000000721e-02 6.928925929999999456e-01 1.798751460000000066e-02
4.533399999999999236e-02 6.392262810000000073e-01 1.758402930000000156e-02
4.567399999999999932e-02 6.493552400000000002e-01 1.790311790000000125e-02
4.601299999999999141e-02 6.489182470000000036e-01 1.753125529999999960e-02
4.635299999999999143e-02 6.237802359999999879e-01 1.719380629999999952e-02
4.669200000000000433e-02 6.348760850000000344e-01 1.735694759999999864e-02
4.703200000000000436e-02 5.963632450000000418e-01 1.658529829999999886e-02
4.737200000000000438e-02 5.710978319999999719e-01 1.607649319999999993e-02
4.771100000000001035e-02 5.515610300000000077e-01 1.565231200000000156e-02
4.805099999999998955e-02 5.429487509999999517e-01 1.543969719999999969e-02
4.839000000000000246e-02 5.200516640000000246e-01 1.482308130000000064e-02
4.873000000000000942e-02 4.778965390000000091e-01 1.433781190000000053e-02
4.907000000000000250e-02 4.807460729999999960e-01 1.422270710000000070e-02
4.940900000000000847e-02 4.323665449999999910e-01 1.349210300000000008e-02
4.974900000000000155e-02 4.078150859999999933e-01 1.298727019999999961e-02
5.008800000000001446e-02 3.741687960000000257e-01 1.265951059999999989e-02
5.042799999999999366e-02 3.715931610000000052e-01 1.241176310000000060e-02
5.076700000000000657e-02 3.547268849999999918e-01 1.229820400000000008e-02
5.110700000000000659e-02 3.203611279999999950e-01 1.160040239999999938e-02
5.144699999999999968e-02 2.855213790000000751e-01 1.103830249999999957e-02
5.178599999999998482e-02 2.724748510000000179e-01 1.099008310000000078e-02
5.212600000000000566e-02 2.638737239999999762e-01 1.063185170000000013e-02
5.246499999999999775e-02 2.240751719999999891e-01 1.018953700000000025e-02
5.280499999999999083e-02 2.147323499999999885e-01 9.810519860000000217e-03
5.314499999999998392e-02 2.115610089999999666e-01 9.572883429999999930e-03
5.348400000000000376e-02 2.181688310000000075e-01 9.616572040000000154e-03
5.382399999999998991e-02 1.757738909999999877e-01 9.391576290000000146e-03
5.416300000000000281e-02 1.682691209999999660e-01 9.154376339999999168e-03
5.450300000000001671e-02 2.077235319999999885e-01 9.241707110000000475e-03
5.484200000000000880e-02 1.628534899999999896e-01 8.794186659999999808e-03
5.518199999999999494e-02 1.514229789999999853e-01 8.445786909999999231e-03
5.552199999999998803e-02 1.526186310000000046e-01 8.114269429999999492e-03
5.586100000000000093e-02 1.462318720000000405e-01 8.257467049999999906e-03
5.620099999999999402e-02 1.458253780000000055e-01 8.048080629999999208e-03
5.653999999999999998e-02 1.398331770000000029e-01 8.256693239999999753e-03
5.688000000000000000e-02 1.349941739999999946e-01 7.583485150000000320e-03
5.722000000000000697e-02 1.325080849999999977e-01 7.884239529999999968e-03
5.755899999999999211e-02 1.276468189999999947e-01 7.752149570000000170e-03
5.789899999999999214e-02 1.241636210000000157e-01 7.508188760000000274e-03
5.823800000000000504e-02 1.371360050000000053e-01 7.686996879999999713e-03
5.857800000000001200e-02 1.152858749999999960e-01 7.394250839999999894e-03
5.891699999999998327e-02 1.102260190000000084e-01 7.114229219999999680e-03
5.925699999999998330e-02 1.263352450000000127e-01 7.171412309999999901e-03
5.959700000000001108e-02 1.294479849999999876e-01 7.419811210000000143e-03
5.993600000000000316e-02 1.345666389999999879e-01 7.457486779999999635e-03
6.027600000000001013e-02 1.188652250000000049e-01 7.136530989999999817e-03
6.061500000000000915e-02 1.384477610000000025e-01 7.240144440000000417e-03
6.095499999999999530e-02 1.214724749999999964e-01 7.236969380000000431e-03
6.129400000000000126e-02 1.340114470000000058e-01 7.219328490000000327e-03
6.163399999999999435e-02 1.176945369999999880e-01 6.814553580000000388e-03
6.197400000000001519e-02 1.220070399999999972e-01 7.050981989999999949e-03
6.231300000000000727e-02 1.235738390000000048e-01 6.792681679999999951e-03
6.265299999999998648e-02 1.261208719999999950e-01 6.940237240000000050e-03
6.299200000000002020e-02 1.369005409999999867e-01 7.146632780000000337e-03
6.333200000000001328e-02 1.360574800000000084e-01 7.122829950000000333e-03
6.367200000000000637e-02 1.321175089999999941e-01 6.861000689999999756e-03
6.401099999999998458e-02 1.357334799999999897e-01 6.902233570000000130e-03
6.435100000000000542e-02 1.343766040000000384e-01 6.833357590000000217e-03
6.469000000000001138e-02 1.223307730000000176e-01 6.819916669999999577e-03
6.502999999999999059e-02 1.355025440000000025e-01 6.880516199999999784e-03
6.536899999999999655e-02 1.352738069999999959e-01 6.800683069999999796e-03
6.570900000000000352e-02 1.392355090000000073e-01 6.645866220000000262e-03
6.604899999999998272e-02 1.379837359999999957e-01 6.754767099999999663e-03
6.638799999999998869e-02 1.247604810000000064e-01 6.476819029999999859e-03
6.672799999999999565e-02 1.358669779999999994e-01 6.753344680000000419e-03
6.706699999999998774e-02 1.365933440000000332e-01 6.660372280000000089e-03
6.740699999999999470e-02 1.161771010000000048e-01 6.400374329999999889e-03
6.774700000000000166e-02 1.253317230000000337e-01 6.433190979999999642e-03
6.808600000000000763e-02 1.201129529999999945e-01 6.252441650000000080e-03
6.842600000000000071e-02 1.287665839999999895e-01 6.268968800000000036e-03
6.876500000000000667e-02 1.165607099999999979e-01 6.270862470000000168e-03
6.910499999999998588e-02 1.191206619999999883e-01 5.996112409999999719e-03
6.944400000000000572e-02 1.158424519999999847e-01 6.181058149999999959e-03
6.978399999999998493e-02 1.105161540000000192e-01 5.785482810000000010e-03
7.012399999999999189e-02 1.033924029999999938e-01 5.780516739999999945e-03
7.046299999999999786e-02 1.173350070000000051e-01 5.990233380000000406e-03
7.080300000000001870e-02 1.104106680000000035e-01 5.842121439999999576e-03
7.114199999999999691e-02 9.767902350000000344e-02 5.708102700000000293e-03
7.148199999999998999e-02 1.006418109999999977e-01 5.439634649999999620e-03
7.182200000000001083e-02 1.042233659999999978e-01 5.455425180000000006e-03
7.216100000000000292e-02 9.684314569999999400e-02 5.421480460000000119e-03
7.250099999999998213e-02 9.240906290000003298e-02 5.217503759999999637e-03
7.283999999999998809e-02 8.847379689999999852e-02 5.302353459999999997e-03
7.317999999999999505e-02 9.073615519999998769e-02 5.235153139999999643e-03
7.351899999999998714e-02 9.343182929999999109e-02 5.321265749999999975e-03
7.385899999999998022e-02 9.078593199999998586e-02 5.171080780000000127e-03
7.419899999999998719e-02 8.761045190000001093e-02 5.051792660000000226e-03
7.453799999999999315e-02 7.564855180000000512e-02 4.848981859999999637e-03
7.487800000000001399e-02 8.317805629999999728e-02 4.981290939999999910e-03
7.521699999999999220e-02 7.692627299999998947e-02 4.901655460000000318e-03
7.555699999999998528e-02 7.830515710000000851e-02 4.834604410000000255e-03
7.589700000000002000e-02 7.584127810000002023e-02 4.782038070000000328e-03
7.623599999999998433e-02 7.603274969999998523e-02 4.711680420000000265e-03
7.657599999999999130e-02 7.194179380000001456e-02 4.688898169999999692e-03
7.691500000000001114e-02 6.658538669999999882e-02 4.479350340000000374e-03
7.725500000000001810e-02 6.978525800000000279e-02 4.656534359999999796e-03
7.759400000000001019e-02 6.819684469999999499e-02 4.500620460000000211e-03
7.793400000000000327e-02 6.707324590000000863e-02 4.340604690000000355e-03
7.827400000000001024e-02 5.972948499999999883e-02 4.340880860000000119e-03
7.861300000000001620e-02 5.631374059999998821e-02 4.291488829999999706e-03
7.895300000000000928e-02 6.321975819999998969e-02 4.231053069999999965e-03
7.929200000000001525e-02 7.129901410000001605e-02 4.542669170000000235e-03
7.963199999999999446e-02 5.329891110000000570e-02 4.290489950000000302e-03
7.997099999999998654e-02 5.860540649999998464e-02 4.187252059999999575e-03
8.031100000000000738e-02 5.482647599999999899e-02 4.252854399999999625e-03
8.065100000000000047e-02 5.619330450000000615e-02 4.080525590000000022e-03
8.099000000000000643e-02 6.185806469999998586e-02 4.309037130000000285e-03
8.133000000000001339e-02 5.509194500000001021e-02 4.058212490000000054e-03
8.166899999999999160e-02 5.641647090000001530e-02 4.096378690000000190e-03
8.200899999999998469e-02 4.691147650000000724e-02 4.116737510000000218e-03
8.234900000000001941e-02 5.606766640000000052e-02 3.997661720000000168e-03
8.268799999999998374e-02 5.309745949999999937e-02 3.831196609999999985e-03
8.302800000000001845e-02 5.394800760000000028e-02 3.984800850000000220e-03
8.336699999999999666e-02 5.188932950000001154e-02 4.137739199999999722e-03
8.370699999999998975e-02 4.913687650000000268e-02 3.705472960000000086e-03
8.404600000000000959e-02 5.338370150000001230e-02 3.869026509999999933e-03
8.438599999999998880e-02 4.944455490000000675e-02 3.876607389999999972e-03
8.472599999999999576e-02 6.202343459999999642e-02 4.109926419999999914e-03
8.506500000000001560e-02 5.647157279999998752e-02 3.843730019999999983e-03
8.540500000000000869e-02 4.774397600000000047e-02 3.965759640000000169e-03
8.574400000000001465e-02 5.187389160000001331e-02 3.750761709999999791e-03
8.608400000000000774e-02 5.585667409999998945e-02 3.905244329999999972e-03
8.642399999999998694e-02 5.683678270000000476e-02 3.877726399999999879e-03
8.676300000000002066e-02 6.029718769999999062e-02 3.888673349999999945e-03
8.710299999999999987e-02 5.046253250000000412e-02 3.779989399999999795e-03
8.744200000000001971e-02 5.571284219999999426e-02 3.832788000000000167e-03
8.778199999999999892e-02 5.884924589999999262e-02 3.678739999999999788e-03
8.812100000000001876e-02 4.464212050000000709e-02 3.595133089999999997e-03
8.846099999999999797e-02 4.987808710000001672e-02 3.594159490000000193e-03
8.880100000000000493e-02 5.566852949999999411e-02 3.606231200000000175e-03
8.914000000000001089e-02 5.735850710000000435e-02 3.774876669999999851e-03
8.948000000000001786e-02 5.346954999999998376e-02 3.730534809999999993e-03
8.981900000000000994e-02 5.253364320000000753e-02 3.751755040000000121e-03
9.015899999999998915e-02 5.008557630000000371e-02 3.626907019999999881e-03
9.049899999999998224e-02 5.296007629999998495e-02 3.619615090000000146e-03
9.083800000000001595e-02 5.448589399999999305e-02 3.633158929999999801e-03
9.117799999999999516e-02 5.532834749999999274e-02 3.692936600000000166e-03
9.151700000000000113e-02 4.758811759999999336e-02 3.549964190000000179e-03
9.185699999999998033e-02 4.398734259999999979e-02 3.348016809999999899e-03
9.219599999999998630e-02 4.383261469999999438e-02 3.439314110000000167e-03
9.253599999999997938e-02 4.837239180000000444e-02 3.454973249999999940e-03
9.287600000000000022e-02 4.320627540000000766e-02 3.315424369999999798e-03
9.321500000000000619e-02 4.761652350000000755e-02 3.392077559999999783e-03
9.355500000000001315e-02 5.143092869999999622e-02 3.514006220000000062e-03
9.389399999999999136e-02 4.495637579999999661e-02 3.579860680000000132e-03
9.423399999999999832e-02 4.184977379999999664e-02 3.333875589999999844e-03
9.457400000000000528e-02 4.464296069999999089e-02 3.344942019999999974e-03
9.491299999999998349e-02 3.976316539999999455e-02 3.284905580000000141e-03
9.525300000000000433e-02 3.871294500000000555e-02 3.203201919999999932e-03
9.559199999999998254e-02 4.180149219999999138e-02 3.275936450000000062e-03
9.593200000000001726e-02 3.609482499999999705e-02 3.205312569999999982e-03
9.627099999999999547e-02 3.741528169999999015e-02 3.360826659999999882e-03
9.661100000000000243e-02 3.684900619999999932e-02 3.049234239999999967e-03
9.695099999999998164e-02 4.119761570000000234e-02 3.123492680000000167e-03
9.728999999999997372e-02 3.314848770000000666e-02 3.023058700000000147e-03
9.762999999999996681e-02 3.521280550000000648e-02 3.100677809999999833e-03
9.796899999999998665e-02 3.745007529999999640e-02 3.072746309999999960e-03
9.830899999999997974e-02 3.881495459999999981e-02 3.143736930000000027e-03
9.864799999999999958e-02 3.659443119999999938e-02 3.069916130000000139e-03
9.898800000000000654e-02 3.563214969999999732e-02 3.114808739999999805e-03
9.932800000000001350e-02 2.861851599999999662e-02 2.861600790000000047e-03
9.966700000000000559e-02 3.451328270000000170e-02 3.123277519999999915e-03
1.000069999999999848e-01 3.342533920000000797e-02 2.923640580000000204e-03
1.003460000000000046e-01 3.182075469999999517e-02 2.950148349999999996e-03
1.006859999999999977e-01 3.509071620000000363e-02 2.889147119999999850e-03
1.010260000000000047e-01 2.911012140000000109e-02 2.933361770000000174e-03
1.013649999999999968e-01 3.137209049999999805e-02 2.942421939999999899e-03
1.017050000000000037e-01 3.228760469999999300e-02 2.924204430000000143e-03
1.020439999999999958e-01 2.659203690000000453e-02 2.899395879999999877e-03
1.023839999999999889e-01 3.293977449999999779e-02 2.909366950000000143e-03
1.027229999999999949e-01 3.185485190000000161e-02 2.888239529999999961e-03
1.030630000000000018e-01 3.191763099999999492e-02 2.893899819999999883e-03
1.034029999999999810e-01 3.499493730000000774e-02 2.830956370000000180e-03
1.037420000000000148e-01 3.008858659999999810e-02 2.860913599999999855e-03
1.040819999999999940e-01 3.431039429999999807e-02 2.944653389999999944e-03
1.044209999999999861e-01 3.041610770000000366e-02 2.796403399999999959e-03
1.047610000000000069e-01 3.311608309999999195e-02 2.860039449999999921e-03
1.051010000000000000e-01 3.156760569999999405e-02 2.828640250000000189e-03
1.054400000000000059e-01 3.532583400000000040e-02 2.860372319999999937e-03
1.057799999999999851e-01 2.764319510000000021e-02 2.808479559999999941e-03
1.061190000000000050e-01 3.309624030000000300e-02 2.862289630000000151e-03
1.064590000000000120e-01 2.962969710000000478e-02 2.669486620000000119e-03
1.067979999999999902e-01 2.326012660000000357e-02 2.856078159999999970e-03
1.071379999999999971e-01 2.661305920000000061e-02 2.853150740000000123e-03
1.074780000000000041e-01 2.958771200000000559e-02 2.791520400000000162e-03
1.078169999999999962e-01 3.288742099999999308e-02 2.926949900000000177e-03
1.081570000000000170e-01 2.554083340000000077e-02 2.683773579999999825e-03
1.084959999999999952e-01 2.777537869999999534e-02 2.685271380000000142e-03
1.088359999999999883e-01 2.599766059999999990e-02 2.608950730000000190e-03
1.091760000000000091e-01 3.040613620000000641e-02 2.740794349999999859e-03
1.095150000000000151e-01 2.628354029999999814e-02 2.685415059999999784e-03
1.098549999999999804e-01 2.941869949999999928e-02 2.623862360000000105e-03
1.101939999999999864e-01 2.860339999999999411e-02 2.600099030000000127e-03
1.105339999999999934e-01 2.303473050000000300e-02 2.557182509999999988e-03
1.108729999999999855e-01 3.019089260000000149e-02 2.811153060000000023e-03
1.112130000000000063e-01 3.248935960000000345e-02 2.664808619999999972e-03
1.115529999999999994e-01 2.805258460000000648e-02 2.629121549999999859e-03
1.118920000000000053e-01 2.470930149999999575e-02 2.632385100000000141e-03
1.122320000000000123e-01 2.498128199999999702e-02 2.647289289999999861e-03
1.125710000000000044e-01 2.495485730000000443e-02 2.568094999999999840e-03
1.129110000000000114e-01 2.441195639999999695e-02 2.557000570000000136e-03
1.132499999999999896e-01 1.921706730000000488e-02 2.550525120000000055e-03
1.135900000000000104e-01 2.614661870000000582e-02 2.604501060000000146e-03
1.139300000000000035e-01 2.429181700000000374e-02 2.353904290000000121e-03
1.142689999999999956e-01 2.631915929999999876e-02 2.499420870000000020e-03
1.146090000000000164e-01 2.729829250000000498e-02 2.641019389999999835e-03
1.149479999999999946e-01 2.444762780000000330e-02 2.597693089999999951e-03
1.152880000000000155e-01 2.561728100000000216e-02 2.621529110000000041e-03
1.156279999999999947e-01 2.535672849999999479e-02 2.443600360000000062e-03
1.159669999999999868e-01 2.320000960000000514e-02 2.483717270000000091e-03
1.163069999999999937e-01 2.383044620000000433e-02 2.394612370000000212e-03
1.166460000000000136e-01 1.921176780000000139e-02 2.425327860000000158e-03
1.169860000000000066e-01 2.095693309999999490e-02 2.321482200000000214e-03
1.173249999999999849e-01 2.453476350000000084e-02 2.450209249999999936e-03
1.176650000000000057e-01 2.429278570000000317e-02 2.481461910000000177e-03
1.180049999999999988e-01 2.113200520000000152e-02 2.415793229999999795e-03
1.183439999999999909e-01 2.051409380000000435e-02 2.502419520000000175e-03
1.186839999999999978e-01 2.473683540000000056e-02 2.430970330000000162e-03
1.190229999999999899e-01 2.144009989999999879e-02 2.396432479999999806e-03
1.193629999999999969e-01 2.031222469999999919e-02 2.357177819999999990e-03
1.197030000000000038e-01 2.134258429999999485e-02 2.338541439999999947e-03
1.200419999999999821e-01 2.042703899999999753e-02 2.450307359999999955e-03
1.203820000000000029e-01 1.946048569999999506e-02 2.347009409999999824e-03
1.207210000000000089e-01 1.927233219999999539e-02 2.304161790000000196e-03
1.210610000000000019e-01 1.968101300000000414e-02 2.382136180000000124e-03
1.213999999999999801e-01 2.299761830000000146e-02 2.295305249999999957e-03
1.217399999999999871e-01 2.421530150000000825e-02 2.372169510000000058e-03
1.220799999999999802e-01 2.108214870000000088e-02 2.286115290000000164e-03
1.224190000000000139e-01 1.645683010000000349e-02 2.288404109999999953e-03
1.227590000000000070e-01 2.053986630000000091e-02 2.403344019999999887e-03
1.230979999999999852e-01 1.930044339999999886e-02 2.330662829999999991e-03
1.234380000000000061e-01 1.806961660000000122e-02 2.265424900000000130e-03
1.237779999999999991e-01 2.089115129999999723e-02 2.229689369999999799e-03
1.241170000000000051e-01 1.886717649999999566e-02 2.283390509999999856e-03
1.244570000000000121e-01 1.609878879999999957e-02 2.266546840000000038e-03
1.247959999999999903e-01 2.083948650000000402e-02 2.182823689999999813e-03
1.251359999999999972e-01 1.859926470000000318e-02 2.316230299999999954e-03
1.254750000000000032e-01 1.631715959999999535e-02 2.154480419999999907e-03
1.258150000000000102e-01 1.624759380000000142e-02 2.206334160000000127e-03
1.261549999999999894e-01 1.948988540000000380e-02 2.164784600000000097e-03
1.264939999999999953e-01 1.736007570000000499e-02 2.215762330000000009e-03
1.268339999999999745e-01 1.911985490000000371e-02 2.394073730000000153e-03
1.271730000000000083e-01 1.611670590000000014e-02 2.330628370000000209e-03
1.275129999999999875e-01 1.793819580000000427e-02 2.300727859999999840e-03
1.278529999999999944e-01 1.788241130000000137e-02 2.308740450000000034e-03
1.281920000000000004e-01 1.497893349999999957e-02 2.271805400000000141e-03
1.285320000000000074e-01 1.763990340000000032e-02 2.154630179999999975e-03
1.288710000000000411e-01 1.765014540000000090e-02 2.234295319999999880e-03
1.292109999999999925e-01 1.930287870000000142e-02 2.205855410000000152e-03
1.295499999999999985e-01 1.872022700000000248e-02 2.152055050000000174e-03
1.298900000000000055e-01 1.819992720000000036e-02 2.181307420000000007e-03
1.302300000000000124e-01 1.535260419999999806e-02 2.152894770000000207e-03
1.305689999999999629e-01 1.453581290000000373e-02 1.986112630000000032e-03
1.309089999999999976e-01 1.430576380000000286e-02 2.110164500000000047e-03
1.312480000000000036e-01 1.587451810000000199e-02 2.153579929999999837e-03
1.315879999999999828e-01 1.782868139999999740e-02 2.096791299999999861e-03
1.319269999999999887e-01 1.631842639999999886e-02 2.167376050000000172e-03
1.322670000000000234e-01 1.670594490000000196e-02 2.105445940000000207e-03
1.326070000000000026e-01 1.378703040000000234e-02 2.125187179999999884e-03
1.329460000000000086e-01 1.281119609999999825e-02 2.058103029999999809e-03
1.332859999999999878e-01 1.401448910000000284e-02 2.201667589999999845e-03
1.336249999999999938e-01 1.353286960000000053e-02 2.036678090000000173e-03
1.339650000000000285e-01 1.657828329999999628e-02 2.180425519999999815e-03
1.343050000000000077e-01 1.376132079999999903e-02 2.132992890000000134e-03
1.346440000000000137e-01 1.693784279999999837e-02 2.081282089999999911e-03
1.349839999999999929e-01 1.293628940000000026e-02 2.043930399999999929e-03
1.353229999999999988e-01 1.447499749999999960e-02 2.101360899999999907e-03
1.356630000000000058e-01 1.758478379999999647e-02 2.092449790000000011e-03
1.360020000000000395e-01 1.398104829999999646e-02 2.137846489999999881e-03
1.363419999999999632e-01 1.425746299999999973e-02 2.098739560000000004e-03
1.366819999999999979e-01 1.689757210000000440e-02 2.136411260000000215e-03
1.370210000000000039e-01 9.670743700000004883e-03 2.138782520000000187e-03
1.373610000000000109e-01 1.376392259999999722e-02 2.066350360000000080e-03
1.376999999999999891e-01 1.480103250000000190e-02 2.264689989999999799e-03
1.380399999999999683e-01 1.400056399999999833e-02 2.056203820000000130e-03
1.383800000000000030e-01 1.275937100000000199e-02 2.061749669999999798e-03
1.387190000000000367e-01 1.345125700000000118e-02 2.124751649999999815e-03
1.390589999999999882e-01 1.365714280000000086e-02 2.050082229999999894e-03
1.393979999999999664e-01 1.192052789999999834e-02 2.081838849999999991e-03
1.397380000000000289e-01 1.200180089999999984e-02 2.137826130000000137e-03
1.400770000000000071e-01 1.263699579999999836e-02 2.191390469999999948e-03
1.404169999999999585e-01 1.714533479999999846e-02 2.289262329999999790e-03
1.407570000000000210e-01 1.136297590000000246e-02 2.106191150000000147e-03
1.410959999999999992e-01 8.920262209999996542e-03 2.125858180000000149e-03
1.414360000000000062e-01 1.120430459999999934e-02 2.079189979999999938e-03
1.417750000000000121e-01 9.159608760000003541e-03 2.092985930000000085e-03
1.421149999999999913e-01 1.049222500000000086e-02 2.124372710000000004e-03
1.424549999999999983e-01 8.629057829999996557e-03 2.055423240000000141e-03
