3.481000000000000587e-03 4.001925959999999804e+01 2.299866230000000122e+00
3.650999999999999732e-03 4.212389979999999667e+01 2.039655799999999797e+00
3.820000000000001346e-03 3.610032639999999304e+01 1.652673910000000079e+00
3.990000000000001358e-03 3.417317119999999164e+01 1.540179250000000000e+00
4.160000000000000503e-03 3.289695119999999662e+01 1.407159059999999906e+00
4.330000000000001383e-03 2.909306869999999634e+01 1.334113289999999896e+00
4.498999999999999527e-03 3.059235169999999826e+01 1.255520240000000065e+00
4.668999999999997805e-03 2.651099410000000134e+01 1.194937460000000007e+00
4.839000000000002154e-03 2.819476369999999932e+01 1.165475000000000039e+00
5.009000000000003033e-03 2.610023489999999668e+01 1.102329569999999981e+00
5.178999999999999576e-03 2.404079890000000219e+01 1.076842910000000098e+00
5.347999999999998588e-03 2.327378519999999895e+01 9.904175210000000229e-01
5.518000000000000335e-03 2.338786199999999127e+01 9.420164690000000229e-01
5.688000000000000347e-03 2.105945300000000486e+01 9.217838210000000032e-01
5.858000000000001227e-03 2.234404559999999762e+01 9.255062389999999528e-01
6.027999999999998637e-03 1.995588920000000144e+01 8.568372530000000209e-01
6.197000000000001119e-03 2.051594199999999546e+01 8.060950009999999777e-01
6.367000000000001998e-03 1.938696290000000388e+01 8.087067390000000078e-01
6.536999999999999408e-03 1.913691770000000147e+01 7.860287910000000045e-01
6.707000000000002023e-03 1.721005239999999858e+01 7.344994969999999457e-01
6.877000000000001168e-03 1.566334550000000192e+01 6.917079839999999979e-01
7.045999999999998445e-03 1.644586430000000377e+01 6.842525449999999898e-01
7.216000000000001059e-03 1.591030899999999804e+01 6.964190660000000310e-01
7.386000000000001071e-03 1.571390400000000298e+01 6.552787820000000041e-01
7.556000000000001084e-03 1.548541760000000167e+01 6.539022380000000245e-01
7.726000000000001096e-03 1.458867280000000122e+01 6.201980990000000027e-01
7.895000000000002710e-03 1.330995320000000071e+01 5.999662399999999840e-01
8.064999999999999253e-03 1.399817580000000206e+01 6.240340869999999596e-01
8.235000000000002734e-03 1.285864849999999748e+01 5.585163909999999454e-01
8.404999999999997543e-03 1.149299910000000224e+01 5.219205190000000272e-01
8.574000000000000024e-03 1.111214990000000036e+01 5.117205679999999868e-01
8.743999999999996567e-03 1.210843759999999847e+01 5.439535079999999745e-01
8.913999999999996579e-03 1.173952399999999763e+01 5.268658499999999689e-01
9.083999999999996591e-03 1.143270320000000417e+01 4.895899069999999909e-01
9.254000000000001808e-03 1.112152999999999992e+01 5.099435599999999624e-01
9.422999999999995616e-03 9.721832250000002063e+00 4.557909299999999830e-01
9.593000000000002567e-03 1.048181210000000263e+01 4.752371360000000045e-01
9.762999999999997375e-03 9.821052899999999752e+00 4.512518919999999878e-01
9.933000000000006061e-03 9.456401370000000028e+00 4.445973449999999771e-01
1.010299999999999913e-02 9.280210040000000049e+00 4.402830970000000121e-01
1.027200000000000162e-02 9.293984410000000196e+00 4.208907350000000158e-01
1.044200000000000163e-02 8.244783299999999926e+00 4.102790590000000015e-01
1.061200000000000164e-02 8.201321950000000527e+00 3.859157109999999946e-01
1.078200000000000165e-02 8.480833759999999444e+00 3.972927540000000257e-01
1.095199999999999819e-02 8.035947059999999809e+00 3.920931480000000025e-01
1.112099999999999894e-02 7.819225649999999028e+00 3.751202679999999789e-01
1.129099999999999722e-02 7.654636849999999271e+00 3.796629859999999801e-01
1.146100000000000070e-02 7.684220810000000235e+00 3.674620909999999907e-01
1.163100000000000071e-02 6.945281190000001104e+00 3.502237610000000223e-01
1.180000000000000319e-02 7.315542999999999907e+00 3.583135729999999963e-01
1.197000000000000321e-02 5.975796390000000180e+00 3.134860469999999899e-01
1.213999999999999801e-02 6.646705260000000060e+00 3.387644470000000241e-01
1.231000000000000150e-02 5.581393320000000102e+00 3.043030689999999816e-01
1.247999999999999977e-02 6.725031819999999882e+00 3.312366560000000182e-01
1.264899999999999879e-02 6.183236280000000917e+00 3.213710909999999976e-01
1.281900000000000400e-02 5.843333509999999009e+00 3.038278950000000145e-01
1.298900000000000055e-02 5.518765830000000427e+00 2.999557250000000064e-01
1.315900000000000056e-02 5.465876129999999833e+00 2.870967329999999929e-01
1.332899999999999884e-02 5.782702650000000055e+00 2.951443919999999776e-01
1.349799999999999785e-02 5.320201990000000158e+00 2.855705809999999900e-01
1.366800000000000133e-02 5.140917410000000132e+00 2.791227230000000170e-01
1.383799999999999614e-02 4.639521219999999779e+00 2.681634629999999908e-01
1.400799999999999788e-02 5.583579679999999712e+00 2.786414870000000210e-01
1.417800000000000137e-02 4.778971440000000293e+00 2.622169030000000012e-01
1.434700000000000038e-02 4.871772430000000043e+00 2.587616680000000002e-01
1.451699999999999866e-02 3.930201059999999913e+00 2.342991620000000053e-01
1.468699999999999867e-02 4.591479009999999583e+00 2.508521579999999918e-01
1.485699999999999868e-02 4.454745250000000212e+00 2.435059240000000125e-01
1.502699999999999869e-02 4.707130959999999753e+00 2.500056489999999965e-01
1.519600000000000291e-02 3.810421479999999583e+00 2.329154989999999981e-01
1.536599999999999772e-02 3.799077459999999906e+00 2.255357420000000113e-01
1.553600000000000293e-02 4.123640019999999851e+00 2.291539290000000062e-01
1.570599999999999774e-02 3.846971069999999937e+00 2.225495279999999965e-01
1.587500000000000022e-02 3.476476600000000250e+00 2.196498299999999904e-01
1.604500000000000023e-02 3.749412289999999537e+00 2.166046670000000007e-01
1.621499999999999678e-02 3.782547119999999818e+00 2.252284999999999981e-01
1.638499999999999679e-02 3.281483980000000411e+00 2.022531419999999969e-01
1.655500000000000027e-02 3.409353980000000117e+00 2.030559710000000018e-01
1.672399999999999581e-02 3.065164540000000049e+00 1.967521720000000029e-01
1.689400000000000276e-02 3.415452159999999626e+00 1.988020159999999981e-01
1.706399999999999931e-02 3.137539470000000108e+00 1.939943859999999909e-01
1.723399999999999932e-02 3.088965359999999993e+00 1.891747540000000005e-01
1.740399999999999933e-02 2.784061439999999887e+00 2.021085039999999944e-01
1.757299999999999487e-02 2.875727610000000212e+00 1.878456880000000107e-01
1.774299999999999836e-02 2.748349510000000162e+00 1.890656510000000012e-01
1.791300000000000184e-02 2.601237069999999818e+00 1.838568889999999956e-01
1.808299999999999838e-02 2.890552669999999935e+00 1.926056029999999863e-01
1.825300000000000186e-02 2.861826100000000039e+00 1.887590190000000001e-01
1.842200000000000087e-02 2.387208419999999887e+00 1.719559059999999917e-01
1.859200000000000089e-02 3.255019229999999375e+00 2.019862430000000098e-01
1.876199999999999743e-02 2.721440649999999906e+00 1.978829059999999973e-01
1.893200000000000438e-02 2.456096200000000174e+00 1.715293179999999862e-01
1.910200000000000092e-02 2.302179049999999894e+00 1.839098909999999920e-01
1.927099999999999647e-02 2.285878850000000018e+00 1.757249210000000061e-01
1.944099999999999648e-02 2.147525170000000205e+00 1.678035880000000035e-01
1.961099999999999649e-02 1.963245380000000040e+00 1.655676650000000028e-01
1.978099999999999997e-02 2.157006019999999857e+00 1.611105660000000106e-01
1.994999999999999551e-02 2.106607889999999816e+00 1.598919530000000033e-01
2.012000000000000247e-02 1.947494339999999990e+00 1.610609889999999877e-01
2.028999999999999901e-02 2.329739809999999967e+00 1.723242829999999948e-01
2.046000000000000249e-02 1.943878549999999983e+00 1.538516279999999903e-01
2.062999999999999903e-02 2.032322740000000127e+00 1.556023179999999895e-01
2.079900000000000151e-02 1.846166870000000015e+00 1.545844650000000042e-01
2.096900000000000153e-02 1.959979970000000016e+00 1.565313040000000100e-01
2.113899999999999807e-02 1.778864929999999900e+00 1.613691770000000025e-01
2.130899999999999461e-02 2.047130769999999877e+00 1.562414440000000071e-01
2.147900000000000156e-02 1.656653120000000090e+00 1.444358330000000135e-01
2.164800000000000058e-02 1.730440739999999922e+00 1.520161439999999919e-01
2.181800000000000406e-02 1.917612300000000047e+00 1.539269540000000047e-01
2.198799999999999713e-02 1.381341640000000037e+00 1.396422180000000124e-01
2.215800000000000061e-02 1.570841509999999941e+00 1.326406900000000055e-01
2.232799999999999715e-02 1.528276140000000005e+00 1.455471459999999884e-01
2.249699999999999617e-02 1.448324970000000045e+00 1.423678230000000045e-01
2.266700000000000312e-02 1.606829889999999983e+00 1.377475959999999999e-01
2.283699999999999619e-02 1.339684840000000099e+00 1.418672509999999998e-01
2.300699999999999967e-02 1.413499520000000009e+00 1.348254889999999928e-01
2.317699999999999622e-02 1.558732229999999941e+00 1.350331100000000117e-01
2.334599999999999870e-02 1.256375639999999905e+00 1.205906100000000009e-01
2.351599999999999871e-02 1.296813060000000073e+00 1.282401430000000009e-01
2.368599999999999872e-02 1.340564230000000023e+00 1.231233369999999994e-01
2.385599999999999873e-02 1.279091030000000018e+00 1.245491809999999949e-01
2.402500000000000122e-02 1.125825539999999902e+00 1.183886910000000042e-01
2.419499999999999776e-02 1.273404669999999905e+00 1.165984540000000041e-01
2.436500000000000124e-02 1.416879809999999962e+00 1.231731090000000028e-01
2.453499999999999778e-02 1.217107039999999918e+00 1.184400659999999966e-01
2.470500000000000126e-02 1.018976220000000099e+00 1.131479340000000056e-01
2.487399999999999334e-02 1.238252200000000025e+00 1.140910769999999991e-01
2.504400000000000376e-02 1.017681159999999974e+00 1.025419739999999941e-01
2.521400000000000724e-02 8.627983339999999446e-01 1.009732339999999950e-01
2.538400000000000725e-02 1.001319520000000018e+00 1.091558309999999948e-01
2.555400000000000726e-02 9.685071189999999719e-01 1.081572979999999989e-01
2.572300000000000281e-02 1.014008840000000022e+00 1.073859330000000029e-01
2.589300000000000282e-02 9.282828170000000378e-01 9.622616890000000589e-02
2.606299999999999936e-02 1.048613009999999957e+00 1.029874419999999985e-01
2.623300000000000284e-02 7.804703269999999637e-01 8.945964459999999896e-02
2.640300000000000286e-02 6.879713020000000068e-01 8.614276340000000254e-02
2.657199999999999493e-02 7.842471989999999504e-01 9.607316400000000256e-02
2.674199999999999841e-02 7.437525830000000227e-01 9.652211139999999912e-02
2.691200000000000189e-02 8.519949700000000181e-01 9.352353809999999767e-02
2.708200000000000190e-02 8.459345919999999852e-01 8.934296479999999374e-02
2.725100000000000092e-02 6.319120440000000061e-01 8.119780699999999685e-02
2.742100000000000093e-02 6.396835090000000390e-01 8.651010110000000031e-02
2.759099999999999400e-02 6.896071010000000001e-01 7.596388499999999488e-02
2.776100000000000789e-02 6.801059609999999811e-01 8.296895669999999889e-02
2.793100000000000097e-02 4.664014559999999920e-01 7.616544969999999859e-02
2.809999999999999304e-02 5.694324509999999506e-01 7.733755990000000524e-02
2.826999999999999652e-02 4.138150910000000238e-01 6.795468529999999785e-02
2.843999999999999653e-02 5.535280329999999749e-01 7.886560959999999731e-02
2.861000000000000001e-02 4.486885879999999993e-01 7.396872179999999797e-02
2.878000000000000350e-02 5.686874130000000305e-01 6.732251790000000347e-02
2.894899999999999904e-02 4.641734470000000168e-01 6.513215310000000646e-02
2.911899999999999905e-02 3.664513300000000195e-01 6.496487709999999860e-02
2.928900000000000253e-02 3.710264070000000025e-01 7.278038039999999709e-02
2.945899999999999561e-02 3.397269339999999804e-01 6.995338889999999643e-02
2.962899999999999562e-02 3.222586000000000062e-01 5.253540489999999896e-02
2.979800000000000504e-02 2.784310429999999892e-01 6.108352580000000337e-02
2.996799999999999811e-02 4.059262849999999978e-01 6.349990630000000580e-02
3.013800000000000159e-02 2.696058650000000001e-01 6.157294020000000229e-02
3.030800000000000161e-02 1.308076989999999995e-01 5.451140790000000291e-02
3.047800000000000162e-02 2.661433240000000144e-01 5.708282819999999785e-02
3.064699999999999716e-02 1.804192460000000053e-01 5.660417360000000175e-02
3.081699999999999370e-02 2.475417199999999929e-01 5.165830629999999812e-02
3.098700000000000412e-02 1.435802099999999859e-01 4.222531560000000045e-02
3.115699999999999373e-02 1.202579439999999916e-01 5.031305719999999704e-02
3.132599999999999968e-02 1.103028189999999825e-01 4.264857400000000159e-02
3.141100000000000142e-02 1.234269159999999976e-01 9.332967929999999926e-03
3.175100000000000838e-02 1.166496030000000045e-01 8.916335810000000292e-03
3.209000000000000741e-02 1.120478340000000128e-01 8.956994899999999246e-03
3.243000000000000049e-02 9.721231279999997810e-02 8.644217259999999875e-03
3.277000000000000052e-02 8.963984040000001763e-02 8.444237279999999152e-03
3.310900000000000648e-02 8.734192529999998400e-02 8.379379240000000076e-03
3.344899999999999957e-02 8.523097559999999462e-02 8.374749770000000301e-03
3.378799999999999165e-02 8.732348359999998755e-02 8.406741730000000246e-03
3.412799999999999861e-02 7.081107030000001468e-02 8.645004620000000528e-03
3.446800000000000558e-02 7.663151470000000021e-02 8.577722419999999487e-03
3.480699999999999766e-02 8.235187489999998278e-02 8.079901949999999250e-03
3.514700000000000463e-02 7.663147430000001592e-02 8.459104849999999481e-03
3.548599999999999671e-02 7.612851980000001628e-02 8.581651319999999625e-03
3.582599999999998980e-02 8.195055030000000795e-02 8.546560209999999949e-03
3.616500000000000270e-02 6.616577799999999454e-02 9.020052920000000418e-03
3.650500000000000966e-02 7.160242220000001545e-02 8.712783050000000654e-03
3.684500000000000275e-02 6.843373009999999257e-02 8.512040250000000099e-03
3.718400000000000177e-02 7.263282420000000128e-02 8.890925759999999609e-03
3.752400000000000180e-02 7.820058490000000861e-02 8.505788119999999758e-03
3.786300000000000776e-02 7.752821200000001300e-02 8.909160379999999518e-03
3.820300000000000779e-02 7.082435310000001483e-02 8.780320240000000220e-03
3.854300000000000781e-02 8.940631640000000491e-02 8.951896449999999922e-03
3.888199999999999990e-02 8.010927660000000117e-02 9.067521179999999542e-03
3.922199999999999992e-02 7.768472919999998283e-02 9.027547590000000594e-03
3.956099999999999201e-02 8.888925680000001051e-02 8.482272589999999279e-03
3.990099999999999203e-02 9.171132199999998402e-02 8.960281060000000256e-03
4.023999999999999105e-02 8.707046050000000204e-02 8.854699750000000202e-03
4.057999999999999802e-02 8.727260900000000099e-02 8.606418229999999309e-03
4.091999999999999110e-02 8.587444649999999291e-02 8.662264299999999917e-03
4.125900000000000400e-02 9.001500880000001814e-02 8.795614469999999199e-03
4.159900000000000403e-02 7.570852839999998862e-02 8.713539339999999689e-03
4.193800000000000305e-02 1.031023630000000024e-01 8.599368280000000211e-03
4.227800000000000308e-02 9.084788919999998991e-02 9.092918639999999358e-03
4.261799999999999616e-02 8.304253079999998621e-02 8.539179529999999657e-03
4.295699999999999519e-02 1.017672569999999999e-01 8.923499910000000368e-03
4.329700000000000909e-02 8.041097190000001671e-02 8.907864550000000117e-03
4.363599999999999424e-02 8.492261989999998206e-02 8.436785929999999351e-03
4.397599999999999426e-02 9.367352530000000455e-02 8.808091940000000244e-03
4.431499999999999329e-02 8.426503450000000228e-02 8.447998479999999782e-03
4.465500000000000025e-02 6.149383569999999216e-02 8.716307350000000731e-03
4.499500000000000721e-02 8.978057100000003121e-02 8.233651649999999822e-03
4.533399999999999236e-02 7.494500499999998122e-02 8.637428469999999803e-03
4.567399999999999932e-02 6.674050500000001940e-02 8.635912009999999889e-03
4.601299999999999141e-02 7.417779240000001162e-02 8.345145890000000774e-03
4.635299999999999143e-02 9.051020880000003321e-02 8.276695880000000533e-03
4.669200000000000433e-02 7.858642479999999875e-02 8.309785249999999956e-03
4.703200000000000436e-02 6.443753430000000171e-02 7.636678109999999603e-03
4.737200000000000438e-02 7.293464439999999827e-02 7.898864670000000157e-03
4.771100000000001035e-02 6.762435830000000647e-02 7.685087590000000413e-03
4.805099999999998955e-02 7.530756459999998764e-02 7.620702770000000424e-03
4.839000000000000246e-02 8.076500990000001767e-02 7.342447910000000043e-03
4.873000000000000942e-02 6.646229070000000960e-02 7.326282200000000001e-03
4.907000000000000250e-02 7.008059260000001900e-02 7.189100179999999632e-03
4.940900000000000847e-02 6.725803880000000290e-02 7.122812319999999656e-03
4.974900000000000155e-02 6.506271540000001241e-02 6.678150130000000233e-03
5.008800000000001446e-02 6.369691889999999634e-02 6.962818089999999599e-03
5.042799999999999366e-02 6.833717289999999278e-02 6.764961140000000199e-03
5.076700000000000657e-02 5.029120680000000870e-02 6.635006490000000361e-03
5.110700000000000659e-02 4.971336270000000640e-02 6.459462420000000073e-03
5.144699999999999968e-02 5.254821579999998521e-02 6.349175089999999945e-03
5.178599999999998482e-02 4.348366719999999241e-02 6.455451119999999592e-03
5.212600000000000566e-02 5.041305650000000443e-02 6.199677550000000197e-03
5.246499999999999775e-02 4.433066870000000603e-02 6.366618249999999972e-03
5.280499999999999083e-02 3.648593740000000141e-02 5.962827539999999982e-03
5.314499999999998392e-02 4.891592740000000328e-02 5.887808950000000124e-03
5.348400000000000376e-02 4.622051979999999838e-02 5.913864809999999812e-03
5.382399999999998991e-02 3.078924209999999231e-02 6.136231360000000100e-03
5.416300000000000281e-02 2.938019869999999173e-02 6.048283320000000240e-03
5.450300000000001671e-02 4.158056549999999268e-02 5.541646770000000291e-03
5.484200000000000880e-02 4.044588409999999579e-02 5.856349979999999830e-03
5.518199999999999494e-02 2.831775260000000613e-02 5.550629670000000425e-03
5.552199999999998803e-02 5.143345120000000076e-02 5.458631390000000423e-03
5.586100000000000093e-02 3.266991769999999518e-02 5.507753120000000169e-03
5.620099999999999402e-02 3.891003949999999323e-02 5.365447940000000332e-03
5.653999999999999998e-02 2.428290139999999403e-02 5.480707300000000129e-03
5.688000000000000000e-02 3.874592489999999223e-02 5.048923630000000384e-03
5.722000000000000697e-02 3.472024060000000745e-02 5.387279160000000254e-03
5.755899999999999211e-02 2.938955830000000019e-02 5.297734680000000008e-03
5.789899999999999214e-02 2.665217059999999347e-02 5.026599199999999719e-03
5.823800000000000504e-02 3.280141550000000017e-02 5.071156430000000291e-03
5.857800000000001200e-02 2.670226009999999636e-02 5.107057199999999984e-03
5.891699999999998327e-02 3.196452909999999287e-02 4.958952659999999943e-03
5.925699999999998330e-02 3.305560529999999886e-02 4.722452079999999927e-03
5.959700000000001108e-02 2.869454399999999544e-02 4.905174430000000009e-03
5.993600000000000316e-02 2.752772549999999568e-02 4.847311719999999706e-03
6.027600000000001013e-02 3.139460820000000013e-02 4.840476330000000223e-03
6.061500000000000915e-02 3.482040790000000274e-02 4.627505730000000192e-03
6.095499999999999530e-02 2.475606080000000361e-02 4.829828779999999905e-03
6.129400000000000126e-02 2.389219680000000123e-02 4.509889040000000272e-03
6.163399999999999435e-02 2.669639819999999886e-02 4.469260689999999918e-03
6.197400000000001519e-02 2.967856370000000049e-02 4.706512930000000122e-03
6.231300000000000727e-02 2.896380480000000646e-02 4.329995340000000054e-03
6.265299999999998648e-02 2.832213490000000042e-02 4.475758090000000328e-03
6.299200000000002020e-02 2.449280449999999623e-02 4.431892189999999884e-03
6.333200000000001328e-02 3.058039920000000730e-02 4.603910830000000273e-03
6.367200000000000637e-02 3.009001370000000813e-02 4.302286249999999652e-03
6.401099999999998458e-02 2.718307889999999408e-02 4.280330859999999758e-03
6.435100000000000542e-02 3.140010680000000082e-02 4.252587270000000169e-03
6.469000000000001138e-02 2.515330329999999545e-02 4.422876410000000161e-03
6.502999999999999059e-02 2.604912529999999296e-02 4.288909399999999740e-03
6.536899999999999655e-02 2.696866170000000382e-02 4.143308469999999917e-03
6.570900000000000352e-02 2.811289519999999459e-02 3.934164339999999919e-03
6.604899999999998272e-02 2.976343879999999650e-02 4.123453249999999883e-03
6.638799999999998869e-02 2.660749370000000530e-02 4.027304530000000264e-03
6.672799999999999565e-02 2.399858629999999590e-02 4.110923070000000422e-03
6.706699999999998774e-02 2.381144500000000400e-02 3.960614319999999910e-03
6.740699999999999470e-02 2.330492419999999343e-02 4.094258229999999874e-03
6.774700000000000166e-02 2.729885859999999984e-02 4.000818950000000276e-03
6.808600000000000763e-02 2.677196670000000708e-02 3.886282449999999954e-03
6.842600000000000071e-02 2.809176350000000544e-02 3.753274000000000020e-03
6.876500000000000667e-02 1.722811530000000271e-02 3.849265079999999832e-03
6.910499999999998588e-02 2.645221509999999901e-02 3.594767249999999883e-03
6.944400000000000572e-02 1.797750620000000341e-02 3.767692710000000202e-03
6.978399999999998493e-02 2.703969629999999555e-02 3.560863049999999849e-03
7.012399999999999189e-02 2.026014370000000370e-02 3.592976820000000088e-03
7.046299999999999786e-02 3.031660560000000448e-02 3.745690680000000189e-03
7.080300000000001870e-02 2.502241889999999580e-02 3.638289739999999925e-03
7.114199999999999691e-02 2.276488599999999807e-02 3.718877020000000127e-03
7.148199999999998999e-02 3.335991169999999451e-02 3.502234109999999897e-03
7.182200000000001083e-02 2.811383750000000237e-02 3.340294130000000077e-03
7.216100000000000292e-02 2.392265410000000286e-02 3.420310819999999950e-03
7.250099999999998213e-02 3.034420599999999510e-02 3.389487589999999866e-03
7.283999999999998809e-02 2.305364190000000479e-02 3.458643720000000119e-03
7.317999999999999505e-02 2.221364509999999501e-02 3.316505349999999876e-03
7.351899999999998714e-02 2.507265749999999793e-02 3.418662130000000177e-03
7.385899999999998022e-02 2.724186110000000743e-02 3.340925199999999866e-03
7.419899999999998719e-02 2.495248220000000419e-02 3.223617900000000109e-03
7.453799999999999315e-02 2.024878960000000422e-02 3.204399069999999856e-03
7.487800000000001399e-02 2.370422209999999488e-02 3.240574109999999966e-03
7.521699999999999220e-02 1.915879920000000333e-02 3.198885189999999944e-03
7.555699999999998528e-02 2.135270879999999483e-02 3.152789769999999984e-03
7.589700000000002000e-02 2.000870470000000456e-02 3.101997869999999994e-03
7.623599999999998433e-02 2.282142449999999961e-02 3.104403600000000141e-03
7.657599999999999130e-02 2.071754959999999590e-02 3.126681450000000015e-03
7.691500000000001114e-02 2.022414720000000402e-02 2.999571510000000052e-03
7.725500000000001810e-02 1.688241570000000372e-02 3.081948499999999889e-03
7.759400000000001019e-02 1.949463519999999547e-02 2.968428749999999991e-03
7.793400000000000327e-02 2.640228650000000371e-02 2.974319979999999995e-03
7.827400000000001024e-02 1.923462000000000435e-02 2.998933200000000136e-03
7.861300000000001620e-02 1.487507980000000139e-02 2.958478230000000011e-03
7.895300000000000928e-02 2.136731429999999543e-02 2.846988129999999863e-03
7.929200000000001525e-02 2.018346730000000061e-02 2.991948009999999877e-03
7.963199999999999446e-02 1.220816100000000209e-02 2.997107819999999916e-03
7.997099999999998654e-02 2.297617420000000465e-02 2.949271810000000070e-03
8.031100000000000738e-02 1.614251439999999857e-02 3.007062520000000107e-03
8.065100000000000047e-02 1.880624089999999998e-02 2.814671109999999921e-03
8.099000000000000643e-02 1.970602820000000310e-02 2.962670259999999976e-03
8.133000000000001339e-02 1.770538440000000296e-02 2.807179040000000198e-03
8.166899999999999160e-02 1.890626160000000514e-02 2.839857349999999787e-03
8.200899999999998469e-02 1.143166939999999687e-02 2.969261950000000056e-03
8.234900000000001941e-02 2.139246080000000230e-02 2.789058149999999910e-03
8.268799999999998374e-02 1.910087849999999796e-02 2.624425839999999788e-03
8.302800000000001845e-02 1.195387819999999858e-02 2.647192100000000069e-03
8.336699999999999666e-02 1.167107539999999617e-02 2.882892749999999785e-03
8.370699999999998975e-02 2.254788299999999426e-02 2.679329299999999928e-03
8.404600000000000959e-02 2.060817340000000233e-02 2.701363339999999971e-03
8.438599999999998880e-02 1.545530220000000156e-02 2.724234130000000205e-03
8.472599999999999576e-02 1.739183470000000079e-02 2.734905069999999869e-03
8.506500000000001560e-02 1.954044579999999684e-02 2.590353809999999899e-03
8.540500000000000869e-02 1.193473289999999985e-02 2.815493220000000064e-03
8.574400000000001465e-02 1.619861209999999899e-02 2.530632609999999838e-03
8.608400000000000774e-02 1.592353439999999801e-02 2.622578319999999998e-03
8.642399999999998694e-02 1.781884090000000059e-02 2.605278720000000093e-03
8.676300000000002066e-02 1.797062419999999675e-02 2.532595270000000121e-03
8.710299999999999987e-02 1.772576920000000153e-02 2.658241710000000188e-03
8.744200000000001971e-02 1.862990219999999600e-02 2.611461299999999919e-03
8.778199999999999892e-02 1.879478899999999925e-02 2.340628380000000196e-03
8.812100000000001876e-02 1.575402600000000430e-02 2.554746249999999969e-03
8.846099999999999797e-02 1.928434979999999604e-02 2.502262050000000123e-03
8.880100000000000493e-02 2.281851519999999675e-02 2.438686690000000084e-03
8.914000000000001089e-02 1.494741989999999812e-02 2.436146389999999887e-03
8.948000000000001786e-02 1.638603389999999591e-02 2.520890620000000148e-03
8.981900000000000994e-02 1.619549370000000418e-02 2.565345780000000044e-03
9.015899999999998915e-02 1.702286480000000241e-02 2.507057379999999818e-03
9.049899999999998224e-02 1.668162790000000256e-02 2.411413790000000151e-03
9.083800000000001595e-02 1.618202330000000425e-02 2.387513840000000075e-03
9.117799999999999516e-02 1.942277580000000003e-02 2.514014650000000184e-03
9.151700000000000113e-02 1.574055249999999767e-02 2.455861159999999949e-03
9.185699999999998033e-02 1.902703320000000489e-02 2.404278560000000075e-03
9.219599999999998630e-02 1.684083730000000140e-02 2.453932439999999791e-03
9.253599999999997938e-02 1.564796990000000276e-02 2.340159760000000075e-03
9.287600000000000022e-02 1.774675420000000267e-02 2.358505649999999895e-03
9.321500000000000619e-02 1.277998379999999677e-02 2.216043369999999828e-03
9.355500000000001315e-02 1.777127510000000091e-02 2.392179339999999862e-03
9.389399999999999136e-02 1.369922490000000104e-02 2.543631209999999785e-03
9.423399999999999832e-02 1.584939939999999506e-02 2.389788889999999808e-03
9.457400000000000528e-02 1.757413550000000088e-02 2.365414839999999824e-03
9.491299999999998349e-02 1.465026919999999969e-02 2.369208260000000080e-03
9.525300000000000433e-02 1.522337929999999576e-02 2.320913989999999916e-03
9.559199999999998254e-02 1.417584519999999862e-02 2.290991889999999948e-03
9.593200000000001726e-02 1.213576729999999923e-02 2.332969060000000035e-03
9.627099999999999547e-02 1.185915110000000140e-02 2.467636960000000115e-03
9.661100000000000243e-02 1.926612369999999852e-02 2.288428150000000171e-03
9.695099999999998164e-02 1.644845719999999539e-02 2.197153130000000214e-03
9.728999999999997372e-02 1.374347790000000208e-02 2.238661849999999936e-03
9.762999999999996681e-02 1.594319740000000457e-02 2.326830959999999851e-03
9.796899999999998665e-02 1.643100670000000388e-02 2.244022149999999865e-03
9.830899999999997974e-02 1.268312190000000020e-02 2.211330999999999974e-03
9.864799999999999958e-02 1.449779449999999761e-02 2.224164140000000137e-03
9.898800000000000654e-02 1.318792429999999898e-02 2.283155710000000019e-03
9.932800000000001350e-02 1.856663349999999532e-02 2.305523270000000083e-03
9.966700000000000559e-02 1.039767100000000069e-02 2.262549280000000166e-03
1.000069999999999848e-01 1.621279019999999696e-02 2.194197589999999972e-03
1.003460000000000046e-01 1.486986850000000110e-02 2.237907749999999956e-03
1.006859999999999977e-01 1.663274569999999980e-02 2.120649149999999893e-03
1.010260000000000047e-01 1.177016720000000072e-02 2.230737070000000152e-03
1.013649999999999968e-01 1.452895700000000206e-02 2.241816130000000122e-03
1.017050000000000037e-01 1.177950279999999926e-02 2.142277360000000019e-03
1.020439999999999958e-01 1.280351650000000063e-02 2.285760290000000104e-03
1.023839999999999889e-01 1.457597050000000206e-02 2.169875569999999820e-03
1.027229999999999949e-01 1.480548060000000041e-02 2.177151229999999948e-03
1.030630000000000018e-01 1.444865069999999585e-02 2.180130479999999992e-03
1.034029999999999810e-01 1.479098019999999791e-02 2.036061440000000011e-03
1.037420000000000148e-01 1.469201330000000083e-02 2.198567440000000206e-03
1.040819999999999940e-01 1.243393570000000427e-02 2.136971149999999930e-03
1.044209999999999861e-01 1.686784070000000441e-02 2.170296410000000040e-03
1.047610000000000069e-01 1.654015360000000295e-02 2.162004380000000139e-03
1.051010000000000000e-01 1.464521560000000069e-02 2.133941859999999909e-03
1.054400000000000059e-01 1.302123829999999802e-02 2.028288970000000080e-03
1.057799999999999851e-01 1.307137550000000113e-02 2.184805189999999842e-03
1.061190000000000050e-01 1.424290889999999671e-02 2.123204469999999920e-03
1.064590000000000120e-01 1.391259019999999819e-02 1.995357789999999999e-03
1.067979999999999902e-01 7.428418789999997711e-03 2.235214079999999805e-03
1.071379999999999971e-01 8.456794649999996652e-03 2.168972199999999982e-03
1.074780000000000041e-01 1.486429470000000079e-02 2.162595040000000069e-03
1.078169999999999962e-01 1.098599499999999840e-02 2.143421090000000029e-03
1.081570000000000170e-01 1.187184610000000147e-02 2.086659619999999948e-03
1.084959999999999952e-01 1.435284089999999853e-02 2.080876399999999869e-03
1.088359999999999883e-01 1.080773390000000153e-02 1.969326759999999975e-03
1.091760000000000091e-01 1.502416909999999654e-02 2.095934529999999869e-03
1.095150000000000151e-01 1.335405389999999928e-02 2.105732830000000069e-03
1.098549999999999804e-01 1.673237330000000231e-02 2.029601680000000120e-03
1.101939999999999864e-01 1.300831189999999624e-02 1.938756580000000097e-03
1.105339999999999934e-01 1.522492479999999933e-02 2.097627950000000019e-03
1.108729999999999855e-01 1.074606390000000175e-02 2.097096860000000149e-03
1.112130000000000063e-01 1.580286289999999552e-02 1.975162160000000153e-03
1.115529999999999994e-01 9.836385119999997359e-03 1.929725879999999926e-03
1.118920000000000053e-01 1.363815409999999742e-02 2.102604139999999979e-03
1.122320000000000123e-01 9.912527509999999667e-03 2.039186130000000038e-03
1.125710000000000044e-01 1.395715250000000365e-02 2.037415360000000182e-03
1.129110000000000114e-01 1.166701250000000238e-02 1.991369160000000006e-03
1.132499999999999896e-01 9.304349190000003531e-03 2.074862800000000073e-03
1.135900000000000104e-01 1.162003659999999959e-02 1.999160490000000037e-03
1.139300000000000035e-01 1.769064699999999685e-02 1.914326569999999939e-03
1.142689999999999956e-01 1.293594510000000385e-02 1.905169169999999931e-03
1.146090000000000164e-01 1.204057400000000007e-02 2.025049890000000033e-03
1.149479999999999946e-01 9.821296360000003958e-03 2.007369540000000178e-03
1.152880000000000155e-01 9.722244320000003603e-03 1.997295860000000093e-03
1.156279999999999947e-01 1.282723539999999947e-02 1.880400279999999919e-03
1.159669999999999868e-01 1.131998589999999930e-02 1.945576459999999973e-03
1.163069999999999937e-01 1.615996659999999890e-02 1.941266259999999914e-03
1.166460000000000136e-01 1.225218309999999942e-02 2.013895419999999978e-03
1.169860000000000066e-01 9.889188040000003455e-03 1.802092659999999895e-03
1.173249999999999849e-01 1.201945350000000433e-02 1.897244929999999941e-03
1.176650000000000057e-01 1.108056199999999693e-02 1.916476120000000028e-03
1.180049999999999988e-01 1.176746199999999937e-02 1.947594779999999894e-03
1.183439999999999909e-01 1.104717740000000017e-02 2.039207720000000071e-03
1.186839999999999978e-01 1.466243869999999880e-02 1.930962220000000031e-03
1.190229999999999899e-01 1.361020610000000103e-02 1.958636540000000155e-03
1.193629999999999969e-01 1.257278970000000155e-02 1.926887659999999922e-03
1.197030000000000038e-01 1.310626169999999993e-02 1.893020690000000094e-03
1.200419999999999821e-01 1.004513809999999820e-02 1.967906919999999962e-03
1.203820000000000029e-01 1.030061439999999801e-02 1.894674860000000087e-03
1.207210000000000089e-01 1.278647060000000397e-02 1.906862409999999933e-03
1.210610000000000019e-01 1.212560369999999763e-02 1.962551099999999913e-03
1.213999999999999801e-01 1.283338420000000070e-02 1.799159160000000056e-03
1.217399999999999871e-01 1.271047070000000216e-02 1.845393120000000031e-03
1.220799999999999802e-01 1.452843890000000276e-02 1.882151880000000046e-03
1.224190000000000139e-01 1.163575929999999606e-02 1.941656340000000097e-03
1.227590000000000070e-01 1.237423550000000226e-02 1.971983980000000056e-03
1.230979999999999852e-01 1.116798010000000056e-02 1.905108860000000008e-03
1.234380000000000061e-01 1.251842709999999824e-02 1.896799900000000101e-03
1.237779999999999991e-01 1.048548140000000149e-02 1.742559089999999936e-03
1.241170000000000051e-01 9.573093849999995270e-03 1.834172289999999941e-03
1.244570000000000121e-01 1.094739510000000172e-02 1.918200400000000033e-03
1.247959999999999903e-01 1.528943480000000132e-02 1.800686919999999920e-03
1.251359999999999972e-01 9.549194020000002087e-03 1.878478380000000048e-03
1.254750000000000032e-01 1.269612620000000122e-02 1.837744909999999929e-03
1.258150000000000102e-01 1.112939670000000041e-02 1.859067569999999945e-03
1.261549999999999894e-01 1.282944270000000407e-02 1.769305089999999954e-03
1.264939999999999953e-01 1.060614879999999954e-02 1.830188580000000021e-03
1.268339999999999745e-01 9.859555199999998215e-03 1.956750430000000172e-03
1.271730000000000083e-01 1.112605350000000180e-02 1.989655869999999889e-03
1.275129999999999875e-01 7.461625600000001447e-03 1.840828060000000059e-03
1.278529999999999944e-01 1.087116439999999580e-02 1.923587249999999908e-03
1.281920000000000004e-01 8.070631830000002740e-03 1.899392379999999964e-03
1.285320000000000074e-01 1.135648149999999613e-02 1.779612490000000071e-03
1.288710000000000411e-01 9.653835810000004070e-03 1.827552259999999911e-03
1.292109999999999925e-01 1.254533260000000212e-02 1.814680610000000104e-03
1.295499999999999985e-01 1.093408690000000072e-02 1.741591470000000089e-03
1.298900000000000055e-01 7.724525400000003053e-03 1.717848120000000072e-03
1.302300000000000124e-01 1.330432439999999772e-02 1.878535759999999969e-03
1.305689999999999629e-01 1.044024990000000028e-02 1.674026550000000087e-03
1.309089999999999976e-01 9.779151380000003502e-03 1.791822810000000005e-03
1.312480000000000036e-01 9.617375910000001624e-03 1.793367570000000029e-03
1.315879999999999828e-01 1.336905359999999640e-02 1.761784499999999917e-03
1.319269999999999887e-01 9.928338700000004236e-03 1.804799919999999953e-03
1.322670000000000234e-01 1.213140889999999791e-02 1.774490729999999997e-03
1.326070000000000026e-01 1.017268879999999945e-02 1.830241559999999960e-03
1.329460000000000086e-01 1.149407459999999756e-02 1.814906090000000102e-03
1.332859999999999878e-01 1.019074749999999974e-02 1.901027289999999937e-03
1.336249999999999938e-01 8.973300460000003392e-03 1.725497330000000081e-03
1.339650000000000285e-01 9.754381920000000997e-03 1.809204370000000060e-03
1.343050000000000077e-01 1.148684430000000353e-02 1.865799160000000028e-03
1.346440000000000137e-01 1.335083160000000158e-02 1.773291939999999903e-03
1.349839999999999929e-01 8.572322909999997506e-03 1.740975089999999932e-03
1.353229999999999988e-01 1.141480149999999846e-02 1.814502449999999892e-03
1.356630000000000058e-01 1.175249490000000209e-02 1.729272619999999922e-03
1.360020000000000395e-01 8.824155900000001801e-03 1.810121359999999902e-03
1.363419999999999632e-01 9.974629839999997125e-03 1.784608310000000090e-03
1.366819999999999979e-01 9.299957079999997267e-03 1.738946510000000025e-03
1.370210000000000039e-01 8.265398549999998859e-03 1.904683510000000028e-03
1.373610000000000109e-01 1.195820590000000114e-02 1.805540679999999894e-03
1.376999999999999891e-01 8.281523399999997370e-03 1.903955140000000018e-03
1.380399999999999683e-01 1.391540760000000224e-02 1.829082629999999971e-03
1.383800000000000030e-01 1.106044559999999795e-02 1.808572339999999987e-03
1.387190000000000367e-01 8.894813309999999307e-03 1.807134209999999982e-03
1.390589999999999882e-01 1.109456200000000052e-02 1.773142219999999892e-03
1.393979999999999664e-01 1.091499060000000049e-02 1.845927160000000039e-03
1.397380000000000289e-01 9.030371480000000395e-03 1.857602490000000075e-03
1.400770000000000071e-01 8.130518550000000177e-03 1.874358929999999984e-03
1.404169999999999585e-01 7.520114199999997084e-03 1.842677220000000018e-03
1.407570000000000210e-01 1.042792160000000079e-02 1.870139779999999965e-03
1.410959999999999992e-01 7.853420379999996592e-03 1.898851260000000056e-03
1.414360000000000062e-01 8.850301490000000298e-03 1.813199740000000009e-03
1.417750000000000121e-01 7.771547090000001552e-03 1.858404030000000012e-03
1.421149999999999913e-01 6.775555250000001549e-03 1.830838549999999967e-03
1.424549999999999983e-01 8.887369839999999244e-03 1.860383449999999895e-03
1.427940000000000043e-01 8.589427150000000441e-03 1.786201999999999972e-03
1.431340000000000112e-01 8.985150740000003022e-03 1.915272640000000026e-03
1.434729999999999894e-01 7.596617600000002760e-03 1.902844569999999997e-03
1.438130000000000241e-01 7.100971840000003775e-03 1.882135399999999978e-03
