3.141000000000000996e-03 3.410187290000000644e+02 7.573394150000000380e+00
3.311000000000000575e-03 2.832501120000001151e+02 5.796263640000000272e+00
3.481000000000000587e-03 2.337957949999999698e+02 5.151618260000000227e+00
3.650999999999999732e-03 1.989918979999999635e+02 4.589791950000000398e+00
3.820000000000001346e-03 1.772570060000000467e+02 4.053352180000000082e+00
3.990000000000001358e-03 1.513807839999999771e+02 3.683556199999999947e+00
4.160000000000000503e-03 1.394684300000000690e+02 3.346575189999999811e+00
4.330000000000001383e-03 1.240073560000000015e+02 3.207582770000000139e+00
4.498999999999999527e-03 1.183870179999999976e+02 3.022376760000000218e+00
4.668999999999997805e-03 1.109944809999999933e+02 2.868966040000000106e+00
4.839000000000002154e-03 1.045892670000000493e+02 2.733316250000000114e+00
5.009000000000003033e-03 9.838345920000001854e+01 2.574342370000000102e+00
5.178999999999999576e-03 9.158968080000001066e+01 2.535067390000000032e+00
5.347999999999998588e-03 8.453774910000001341e+01 2.288532449999999940e+00
5.518000000000000335e-03 8.319838629999999569e+01 2.226947140000000047e+00
5.688000000000000347e-03 7.974157990000001917e+01 2.209937679999999904e+00
5.858000000000001227e-03 7.376858900000000574e+01 2.093905250000000162e+00
6.027999999999998637e-03 7.714463600000000554e+01 2.104293569999999836e+00
6.197000000000001119e-03 7.384915200000000368e+01 1.945823239999999954e+00
6.367000000000001998e-03 7.203541959999998312e+01 1.960125780000000040e+00
6.536999999999999408e-03 7.039966590000000224e+01 1.909691760000000071e+00
6.707000000000002023e-03 6.655854769999999121e+01 1.829547220000000030e+00
6.877000000000001168e-03 7.126688020000000279e+01 1.868256579999999945e+00
7.045999999999998445e-03 6.956842729999999619e+01 1.792118059999999957e+00
7.216000000000001059e-03 6.460295980000000782e+01 1.765738739999999973e+00
7.386000000000001071e-03 6.853563339999998050e+01 1.750704980000000077e+00
7.556000000000001084e-03 6.888696880000000533e+01 1.746293459999999964e+00
7.726000000000001096e-03 6.766860809999998594e+01 1.698647989999999997e+00
7.895000000000002710e-03 6.510208029999999724e+01 1.659631330000000071e+00
8.064999999999999253e-03 6.834318229999998096e+01 1.739505499999999927e+00
8.235000000000002734e-03 7.067767510000001607e+01 1.662086170000000029e+00
8.404999999999997543e-03 6.630664669999998750e+01 1.607004359999999910e+00
8.574000000000000024e-03 6.977903900000001158e+01 1.631879789999999941e+00
8.743999999999996567e-03 7.409412620000001937e+01 1.704183419999999893e+00
8.913999999999996579e-03 7.302451489999999978e+01 1.674349160000000003e+00
9.083999999999996591e-03 7.583667439999999260e+01 1.628472010000000081e+00
9.254000000000001808e-03 7.802932889999999588e+01 1.707969220000000066e+00
9.422999999999995616e-03 7.673409480000000826e+01 1.616670700000000016e+00
9.593000000000002567e-03 8.226044620000001828e+01 1.711246290000000059e+00
9.762999999999997375e-03 8.729525690000001248e+01 1.710629310000000070e+00
9.933000000000006061e-03 9.031248890000001950e+01 1.727359459999999958e+00
1.010299999999999913e-02 9.594463620000001924e+01 1.816330830000000063e+00
1.027200000000000162e-02 9.829390489999998692e+01 1.758681680000000025e+00
1.044200000000000163e-02 1.040189649999999801e+02 1.837198649999999933e+00
1.061200000000000164e-02 1.071571959999999564e+02 1.796811879999999917e+00
1.078200000000000165e-02 1.105410739999999521e+02 1.847791600000000090e+00
1.095199999999999819e-02 1.163036470000000264e+02 1.919636899999999979e+00
1.112099999999999894e-02 1.234298989999999918e+02 1.882201929999999912e+00
1.129099999999999722e-02 1.303718669999999804e+02 1.967168070000000046e+00
1.146100000000000070e-02 1.335314750000000004e+02 1.956355480000000036e+00
1.163100000000000071e-02 1.383864260000000002e+02 2.000561509999999821e+00
1.180000000000000319e-02 1.453526009999999644e+02 2.029469820000000091e+00
1.197000000000000321e-02 1.498541669999999613e+02 1.996594339999999912e+00
1.213999999999999801e-02 1.561560460000000887e+02 2.090995819999999839e+00
1.231000000000000150e-02 1.593621120000000246e+02 2.074391059999999953e+00
1.247999999999999977e-02 1.595850690000000327e+02 2.058064250000000150e+00
1.264899999999999879e-02 1.652915710000000615e+02 2.077726789999999824e+00
1.281900000000000400e-02 1.645346409999999366e+02 2.041864930000000022e+00
1.298900000000000055e-02 1.677290029999999206e+02 2.109568200000000004e+00
1.315900000000000056e-02 1.673044160000000034e+02 2.029230740000000033e+00
1.332899999999999884e-02 1.661567049999999313e+02 2.042357640000000085e+00
1.349799999999999785e-02 1.605566069999999570e+02 1.965416520000000000e+00
1.366800000000000133e-02 1.541958160000000362e+02 1.940686289999999925e+00
1.383799999999999614e-02 1.545874499999999330e+02 1.958833779999999969e+00
1.400799999999999788e-02 1.445672169999999426e+02 1.814900050000000098e+00
1.417800000000000137e-02 1.396182099999999480e+02 1.807306110000000077e+00
1.434700000000000038e-02 1.266576550000000339e+02 1.710863140000000060e+00
1.451699999999999866e-02 1.206090270000000544e+02 1.669805910000000004e+00
1.468699999999999867e-02 1.140561280000000153e+02 1.611721420000000071e+00
1.485699999999999868e-02 1.053386389999999864e+02 1.502984780000000020e+00
1.502699999999999869e-02 9.819307409999998981e+01 1.485381810000000025e+00
1.519600000000000291e-02 8.828877650000001154e+01 1.390596280000000018e+00
1.536599999999999772e-02 8.022663559999999450e+01 1.325402090000000088e+00
1.553600000000000293e-02 7.105668729999999300e+01 1.219439940000000000e+00
1.570599999999999774e-02 6.918655440000001988e+01 1.201572950000000084e+00
1.587500000000000022e-02 6.099652659999999571e+01 1.145158920000000080e+00
1.604500000000000023e-02 5.577898319999999899e+01 1.069736100000000079e+00
1.621499999999999678e-02 5.302383529999999467e+01 1.044293200000000033e+00
1.638499999999999679e-02 4.863591110000000128e+01 9.826103510000000485e-01
1.655500000000000027e-02 4.700578840000000014e+01 9.765429230000000071e-01
1.672399999999999581e-02 4.439333100000001053e+01 9.486181369999999724e-01
1.689400000000000276e-02 3.938229200000000674e+01 8.694448780000000321e-01
1.706399999999999931e-02 3.696991849999999857e+01 8.508758429999999651e-01
1.723399999999999932e-02 3.457026040000000222e+01 8.194478619999999713e-01
1.740399999999999933e-02 3.245589139999999162e+01 8.279571279999999867e-01
1.757299999999999487e-02 3.113822629999999592e+01 7.910554340000000018e-01
1.774299999999999836e-02 3.015193639999999675e+01 7.800642230000000010e-01
1.791300000000000184e-02 2.804482210000000464e+01 7.670208090000000256e-01
1.808299999999999838e-02 2.606494849999999630e+01 7.227002240000000022e-01
1.825300000000000186e-02 2.670200660000000425e+01 7.473361659999999684e-01
1.842200000000000087e-02 2.606210250000000173e+01 7.212141380000000046e-01
1.859200000000000089e-02 2.553136100000000042e+01 7.277272970000000507e-01
1.876199999999999743e-02 2.322243660000000176e+01 7.033990490000000539e-01
1.893200000000000438e-02 2.378131119999999754e+01 6.841132720000000500e-01
1.910200000000000092e-02 2.369412110000000027e+01 6.999408409999999803e-01
1.927099999999999647e-02 2.385549340000000029e+01 6.914049439999999658e-01
1.944099999999999648e-02 2.358071490000000736e+01 6.974954190000000054e-01
1.961099999999999649e-02 2.013931129999999925e+01 6.493730220000000219e-01
1.978099999999999997e-02 2.058095830000000248e+01 6.365503919999999649e-01
1.994999999999999551e-02 2.039365410000000267e+01 6.419537579999999855e-01
2.012000000000000247e-02 2.129397429999999503e+01 6.469458500000000445e-01
2.028999999999999901e-02 2.065485699999999625e+01 6.509308639999999979e-01
2.046000000000000249e-02 2.103309400000000196e+01 6.455768450000000103e-01
2.062999999999999903e-02 2.155578270000000174e+01 6.472724250000000401e-01
2.079900000000000151e-02 2.137873269999999692e+01 6.621876220000000313e-01
2.096900000000000153e-02 2.039884710000000467e+01 6.263006819999999975e-01
2.113899999999999807e-02 2.100096960000000479e+01 6.541864440000000336e-01
2.130899999999999461e-02 2.079763030000000512e+01 6.303632689999999483e-01
2.147900000000000156e-02 2.157037719999999581e+01 6.469700600000000135e-01
2.164800000000000058e-02 2.098926369999999508e+01 6.502218859999999712e-01
2.181800000000000406e-02 2.055298160000000252e+01 6.242825579999999874e-01
2.198799999999999713e-02 2.107975899999999925e+01 6.442354900000000217e-01
2.215800000000000061e-02 2.115583809999999687e+01 6.265007580000000464e-01
2.232799999999999715e-02 2.134606480000000062e+01 6.434836900000000526e-01
2.249699999999999617e-02 2.075543580000000077e+01 6.393188250000000350e-01
2.266700000000000312e-02 2.125944110000000364e+01 6.294793869999999458e-01
2.283699999999999619e-02 2.126442289999999602e+01 6.423829909999999588e-01
2.300699999999999967e-02 2.164995970000000369e+01 6.351638429999999502e-01
2.317699999999999622e-02 2.170680180000000448e+01 6.399520969999999975e-01
2.334599999999999870e-02 2.091283430000000365e+01 6.214950460000000509e-01
2.351599999999999871e-02 1.997420010000000445e+01 6.093973710000000210e-01
2.368599999999999872e-02 1.962762890000000482e+01 5.963570299999999547e-01
2.385599999999999873e-02 1.948210890000000362e+01 5.851471700000000498e-01
2.402500000000000122e-02 1.849936399999999992e+01 5.632771479999999498e-01
2.419499999999999776e-02 1.916817969999999605e+01 5.588576800000000233e-01
2.436500000000000124e-02 1.874002679999999899e+01 5.563202489999999889e-01
2.453499999999999778e-02 1.763043329999999997e+01 5.409692750000000272e-01
2.470500000000000126e-02 1.818964220000000154e+01 5.416806990000000432e-01
2.487399999999999334e-02 1.630766849999999479e+01 5.101012000000000324e-01
2.504400000000000376e-02 1.640592609999999496e+01 5.040153040000000528e-01
2.521400000000000724e-02 1.498740579999999767e+01 4.847501510000000180e-01
2.538400000000000725e-02 1.505557890000000043e+01 4.833047779999999904e-01
2.555400000000000726e-02 1.440367210000000320e+01 4.665419129999999748e-01
2.572300000000000281e-02 1.330261319999999969e+01 4.514737030000000040e-01
2.589300000000000282e-02 1.158277630000000258e+01 4.152218570000000275e-01
2.606299999999999936e-02 1.100169179999999791e+01 4.050189989999999907e-01
2.623300000000000284e-02 1.069975630000000244e+01 3.937671609999999767e-01
2.640300000000000286e-02 1.105471099999999929e+01 3.987323689999999754e-01
2.657199999999999493e-02 9.054141590000000406e+00 3.654808279999999798e-01
2.674199999999999841e-02 9.031122939999999488e+00 3.640265919999999822e-01
2.691200000000000189e-02 8.104498530000000756e+00 3.414446649999999805e-01
2.708200000000000190e-02 7.448731780000000136e+00 3.196390170000000253e-01
2.725100000000000092e-02 7.292936880000000066e+00 3.193894930000000243e-01
2.742100000000000093e-02 6.567973339999999993e+00 3.046827610000000242e-01
2.759099999999999400e-02 6.385420189999999607e+00 2.951393429999999984e-01
2.776100000000000789e-02 5.739311599999999736e+00 2.811757269999999864e-01
2.793100000000000097e-02 5.152112250000000060e+00 2.658742310000000164e-01
2.809999999999999304e-02 4.958417240000000170e+00 2.611438200000000265e-01
2.826999999999999652e-02 4.346889080000000405e+00 2.429639219999999988e-01
2.843999999999999653e-02 4.062561589999999612e+00 2.336538940000000009e-01
2.861000000000000001e-02 3.726493059999999691e+00 2.252950549999999941e-01
2.878000000000000350e-02 3.619554459999999807e+00 2.164432390000000095e-01
2.894899999999999904e-02 3.339601140000000079e+00 2.100671279999999919e-01
2.911899999999999905e-02 2.945898109999999903e+00 1.969413130000000067e-01
2.928900000000000253e-02 2.752935809999999872e+00 1.936777389999999877e-01
2.945899999999999561e-02 2.767438970000000165e+00 1.947296249999999895e-01
2.962899999999999562e-02 2.239989969999999886e+00 1.677336490000000124e-01
2.979800000000000504e-02 2.182068639999999782e+00 1.707618110000000133e-01
2.996799999999999811e-02 2.157269750000000208e+00 1.652095090000000044e-01
3.013800000000000159e-02 1.950090730000000105e+00 1.616346029999999878e-01
3.030800000000000161e-02 1.963400729999999816e+00 1.623380849999999931e-01
3.039300000000000335e-02 1.899660299999999857e+00 3.260518540000000021e-02
3.073199999999999890e-02 1.697224440000000056e+00 3.115681530000000143e-02
3.107199999999999199e-02 1.507728160000000095e+00 2.920105569999999900e-02
3.141100000000000142e-02 1.303605289999999917e+00 2.715163190000000060e-02
3.175100000000000838e-02 1.246080690000000102e+00 2.677797950000000010e-02
3.209000000000000741e-02 1.087287780000000037e+00 2.483557080000000153e-02
3.243000000000000049e-02 9.847752039999999596e-01 2.365905529999999882e-02
3.277000000000000052e-02 8.861051479999999536e-01 2.238808700000000096e-02
3.310900000000000648e-02 8.143995750000000422e-01 2.147541149999999954e-02
3.344899999999999957e-02 7.732940780000000514e-01 2.094483670000000033e-02
3.378799999999999165e-02 6.975137550000000131e-01 1.994938220000000081e-02
3.412799999999999861e-02 7.233900909999999573e-01 2.064687930000000046e-02
3.446800000000000558e-02 7.407550649999999903e-01 2.080679549999999919e-02
3.480699999999999766e-02 7.048781539999999790e-01 2.002424950000000065e-02
3.514700000000000463e-02 6.808908550000000170e-01 2.021045900000000006e-02
3.548599999999999671e-02 6.932144959999999578e-01 2.042127609999999996e-02
3.582599999999998980e-02 7.028649769999999464e-01 2.050944990000000065e-02
3.616500000000000270e-02 7.075128929999999761e-01 2.091036729999999969e-02
3.650500000000000966e-02 6.882964719999999925e-01 2.053795339999999955e-02
3.684500000000000275e-02 7.095787829999999907e-01 2.062797350000000057e-02
3.718400000000000177e-02 7.866288320000000001e-01 2.173720180000000141e-02
3.752400000000000180e-02 7.845373129999999584e-01 2.142436279999999915e-02
3.786300000000000776e-02 7.790286920000000226e-01 2.163067059999999875e-02
3.820300000000000779e-02 8.042973159999999844e-01 2.197299850000000027e-02
3.854300000000000781e-02 8.250821069999999535e-01 2.192940170000000008e-02
3.888199999999999990e-02 7.983728580000000186e-01 2.181875180000000108e-02
3.922199999999999992e-02 8.678126269999999476e-01 2.263090309999999869e-02
3.956099999999999201e-02 8.438121459999999852e-01 2.182131650000000006e-02
3.990099999999999203e-02 9.026559299999999952e-01 2.288456490000000121e-02
4.023999999999999105e-02 8.716321379999999452e-01 2.223341709999999971e-02
4.057999999999999802e-02 9.227389590000000252e-01 2.295165360000000002e-02
4.091999999999999110e-02 9.629079099999999780e-01 2.312862889999999991e-02
4.125900000000000400e-02 9.388339610000000501e-01 2.299660569999999876e-02
4.159900000000000403e-02 9.313559869999999963e-01 2.297270720000000113e-02
4.193800000000000305e-02 9.758117099999999988e-01 2.298213459999999889e-02
4.227800000000000308e-02 9.092347570000000045e-01 2.286496080000000042e-02
4.261799999999999616e-02 9.200219520000000317e-01 2.254633799999999910e-02
4.295699999999999519e-02 9.929976369999999886e-01 2.331276599999999866e-02
4.329700000000000909e-02 9.557756229999999631e-01 2.306552060000000015e-02
4.363599999999999424e-02 9.726793139999999616e-01 2.296561869999999908e-02
4.397599999999999426e-02 9.424590940000000527e-01 2.280517140000000095e-02
4.431499999999999329e-02 9.503934579999999688e-01 2.259675610000000043e-02
4.465500000000000025e-02 9.265046569999999537e-01 2.267891400000000141e-02
4.499500000000000721e-02 9.673347629999999864e-01 2.267445790000000017e-02
4.533399999999999236e-02 9.188236520000000462e-01 2.223510780000000076e-02
4.567399999999999932e-02 8.818508539999999618e-01 2.209982010000000052e-02
4.601299999999999141e-02 9.081254739999999881e-01 2.198575599999999866e-02
4.635299999999999143e-02 8.784314770000000161e-01 2.168605610000000003e-02
4.669200000000000433e-02 8.248937189999999697e-01 2.109238839999999851e-02
4.703200000000000436e-02 8.926197369999999687e-01 2.148215939999999907e-02
4.737200000000000438e-02 7.911102650000000347e-01 2.003677229999999837e-02
4.771100000000001035e-02 7.957539869999999960e-01 1.984001410000000090e-02
4.805099999999998955e-02 7.880972739999999588e-01 1.965425319999999920e-02
4.839000000000000246e-02 6.991521189999999608e-01 1.828616179999999897e-02
4.873000000000000942e-02 6.539850320000000217e-01 1.771965299999999841e-02
4.907000000000000250e-02 6.597439520000000224e-01 1.763738239999999846e-02
4.940900000000000847e-02 6.116400819999999738e-01 1.687150559999999952e-02
4.974900000000000155e-02 5.749288350000000269e-01 1.628574129999999995e-02
5.008800000000001446e-02 5.210460129999999745e-01 1.566149409999999936e-02
5.042799999999999366e-02 5.058719999999999883e-01 1.526041009999999989e-02
5.076700000000000657e-02 4.429672709999999958e-01 1.454729500000000002e-02
5.110700000000000659e-02 4.262246410000000152e-01 1.403680160000000086e-02
5.144699999999999968e-02 4.087620940000000203e-01 1.373074980000000070e-02
5.178599999999998482e-02 3.788906659999999871e-01 1.342109390000000013e-02
5.212600000000000566e-02 3.877705399999999969e-01 1.334203769999999997e-02
5.246499999999999775e-02 3.376110050000000196e-01 1.272463599999999924e-02
5.280499999999999083e-02 2.988608730000000824e-01 1.192258059999999967e-02
5.314499999999998392e-02 3.090404890000000293e-01 1.191591910000000011e-02
5.348400000000000376e-02 2.760326350000000817e-01 1.130841450000000074e-02
5.382399999999998991e-02 2.438494870000000314e-01 1.123104509999999986e-02
5.416300000000000281e-02 2.455443260000000349e-01 1.110545989999999969e-02
5.450300000000001671e-02 2.572721350000000129e-01 1.081144770000000074e-02
5.484200000000000880e-02 2.349139599999999772e-01 1.070098889999999969e-02
5.518199999999999494e-02 2.186362510000000314e-01 1.023834000000000029e-02
5.552199999999998803e-02 2.111729370000000050e-01 9.815210160000000655e-03
5.586100000000000093e-02 1.924042519999999701e-01 9.702984519999999224e-03
5.620099999999999402e-02 1.967401750000000171e-01 9.584727450000000287e-03
5.653999999999999998e-02 1.711979710000000043e-01 9.444140709999999939e-03
5.688000000000000000e-02 1.935107490000000097e-01 9.255618440000000155e-03
5.722000000000000697e-02 1.740894679999999972e-01 9.243879639999999162e-03
5.755899999999999211e-02 1.645300030000000080e-01 9.004302480000000303e-03
5.789899999999999214e-02 1.673753729999999662e-01 8.878642129999999438e-03
5.823800000000000504e-02 1.789408410000000171e-01 9.043685100000000560e-03
5.857800000000001200e-02 1.727847860000000235e-01 8.995728939999999424e-03
5.891699999999998327e-02 1.781379319999999988e-01 8.924052070000000614e-03
5.925699999999998330e-02 1.730175969999999952e-01 8.606942279999999987e-03
5.959700000000001108e-02 1.520987360000000121e-01 8.410779869999999298e-03
5.993600000000000316e-02 1.640478200000000109e-01 8.569656570000000473e-03
6.027600000000001013e-02 1.727930509999999753e-01 8.678835520000000719e-03
6.061500000000000915e-02 1.810784099999999952e-01 8.593605779999999306e-03
6.095499999999999530e-02 1.582033469999999942e-01 8.457684740000000548e-03
6.129400000000000126e-02 1.679884310000000214e-01 8.412142830000000210e-03
6.163399999999999435e-02 1.695252959999999920e-01 8.299369839999999263e-03
6.197400000000001519e-02 1.692951899999999843e-01 8.453581760000000375e-03
6.231300000000000727e-02 1.485272900000000063e-01 7.811667199999999638e-03
6.265299999999998648e-02 1.887586039999999687e-01 8.606583259999999944e-03
6.299200000000002020e-02 1.672491860000000219e-01 8.261955729999999332e-03
6.333200000000001328e-02 1.766879759999999966e-01 8.389394899999999544e-03
6.367200000000000637e-02 1.752910540000000017e-01 8.196093139999999222e-03
6.401099999999998458e-02 1.759738879999999950e-01 8.168167259999999444e-03
6.435100000000000542e-02 1.916153080000000397e-01 8.407209960000000190e-03
6.469000000000001138e-02 1.719907689999999878e-01 8.236793949999999739e-03
6.502999999999999059e-02 1.629314139999999966e-01 7.912586679999999983e-03
6.536899999999999655e-02 1.655108300000000254e-01 7.900905899999999607e-03
6.570900000000000352e-02 1.814416010000000079e-01 7.944140949999999382e-03
6.604899999999998272e-02 1.864482970000000128e-01 8.155970519999999890e-03
6.638799999999998869e-02 1.923601510000000070e-01 8.188030790000000100e-03
6.672799999999999565e-02 1.789382079999999875e-01 8.044631470000000728e-03
6.706699999999998774e-02 1.908712049999999882e-01 8.145259740000000692e-03
6.740699999999999470e-02 1.588059110000000218e-01 7.673067559999999926e-03
6.774700000000000166e-02 1.895889639999999710e-01 8.078758470000000844e-03
6.808600000000000763e-02 1.733887159999999705e-01 7.719323430000000173e-03
6.842600000000000071e-02 1.807265240000000273e-01 7.713227070000000171e-03
6.876500000000000667e-02 1.706948539999999792e-01 7.728844989999999852e-03
6.910499999999998588e-02 1.651768989999999604e-01 7.344372279999999802e-03
6.944400000000000572e-02 1.572193860000000165e-01 7.425475160000000185e-03
6.978399999999998493e-02 1.645548860000000113e-01 7.268874950000000362e-03
7.012399999999999189e-02 1.501670240000000101e-01 7.127137750000000008e-03
7.046299999999999786e-02 1.537260390000000088e-01 7.151427640000000176e-03
7.080300000000001870e-02 1.472917450000000017e-01 7.001740000000000221e-03
7.114199999999999691e-02 1.507380339999999930e-01 7.146636149999999882e-03
7.148199999999998999e-02 1.346619940000000071e-01 6.566162159999999748e-03
7.182200000000001083e-02 1.339768659999999723e-01 6.499663539999999719e-03
7.216100000000000292e-02 1.370443610000000034e-01 6.641763200000000249e-03
7.250099999999998213e-02 1.380786190000000413e-01 6.556129259999999778e-03
7.283999999999998809e-02 1.275086850000000105e-01 6.497428230000000353e-03
7.317999999999999505e-02 1.324588889999999963e-01 6.480883330000000199e-03
7.351899999999998714e-02 1.225806340000000078e-01 6.328533259999999730e-03
7.385899999999998022e-02 1.086083899999999991e-01 5.958543309999999801e-03
7.419899999999998719e-02 1.123076820000000198e-01 5.976056369999999812e-03
7.453799999999999315e-02 1.042151159999999965e-01 5.831059040000000256e-03
7.487800000000001399e-02 1.077989069999999855e-01 5.893161549999999596e-03
7.521699999999999220e-02 1.004647949999999818e-01 5.788014420000000236e-03
7.555699999999998528e-02 1.079516080000000045e-01 5.838325610000000276e-03
7.589700000000002000e-02 9.534562200000001875e-02 5.586254930000000320e-03
7.623599999999998433e-02 1.011951680000000020e-01 5.622421160000000070e-03
7.657599999999999130e-02 9.337759780000001730e-02 5.521815900000000103e-03
7.691500000000001114e-02 8.922159869999998771e-02 5.339201539999999593e-03
7.725500000000001810e-02 9.064393069999999997e-02 5.467451340000000284e-03
7.759400000000001019e-02 8.430760439999999967e-02 5.220873600000000211e-03
7.793400000000000327e-02 9.592786119999999195e-02 5.330124969999999913e-03
7.827400000000001024e-02 8.415004509999998716e-02 5.232463679999999583e-03
7.861300000000001620e-02 7.573787849999998045e-02 5.060163930000000088e-03
7.895300000000000928e-02 8.600818920000001533e-02 5.086705310000000022e-03
7.929200000000001525e-02 8.225033480000000508e-02 5.143984560000000247e-03
7.963199999999999446e-02 6.905025590000000990e-02 4.965206039999999627e-03
7.997099999999998654e-02 6.963622819999999713e-02 4.774799389999999887e-03
8.031100000000000738e-02 6.762526789999999399e-02 4.861745550000000186e-03
8.065100000000000047e-02 7.271992480000000203e-02 4.785892970000000385e-03
8.099000000000000643e-02 6.071556419999999538e-02 4.614795849999999734e-03
8.133000000000001339e-02 6.478084829999998517e-02 4.600548670000000236e-03
8.166899999999999160e-02 6.456291940000001561e-02 4.605881610000000202e-03
8.200899999999998469e-02 6.287081590000001552e-02 4.778139229999999772e-03
8.234900000000001941e-02 6.641802500000000553e-02 4.558806510000000013e-03
8.268799999999998374e-02 6.930587880000001200e-02 4.528369899999999844e-03
8.302800000000001845e-02 6.970539999999998682e-02 4.657219829999999922e-03
8.336699999999999666e-02 5.654199909999998303e-02 4.549963990000000132e-03
8.370699999999998975e-02 6.626517719999999723e-02 4.415193000000000416e-03
8.404600000000000959e-02 7.122799570000001856e-02 4.599537489999999673e-03
8.438599999999998880e-02 7.137997639999998922e-02 4.679934400000000314e-03
8.472599999999999576e-02 6.653961530000000735e-02 4.534386599999999830e-03
8.506500000000001560e-02 6.991913509999998777e-02 4.468797360000000343e-03
8.540500000000000869e-02 5.318988650000000540e-02 4.382494800000000072e-03
8.574400000000001465e-02 7.184613480000001662e-02 4.519748770000000040e-03
8.608400000000000774e-02 6.777214109999998848e-02 4.485100740000000190e-03
8.642399999999998694e-02 6.845337940000000010e-02 4.453189280000000375e-03
8.676300000000002066e-02 7.366835729999998694e-02 4.508086250000000426e-03
8.710299999999999987e-02 6.629045780000000776e-02 4.441201999999999997e-03
8.744200000000001971e-02 6.338113160000001522e-02 4.313297380000000007e-03
8.778199999999999892e-02 7.272793990000001041e-02 4.310812520000000328e-03
8.812100000000001876e-02 6.402814709999998799e-02 4.337438629999999969e-03
8.846099999999999797e-02 6.603196090000000573e-02 4.264882589999999599e-03
8.880100000000000493e-02 6.935011950000000147e-02 4.229444389999999915e-03
8.914000000000001089e-02 6.670233059999999825e-02 4.292100919999999875e-03
8.948000000000001786e-02 6.965049249999998027e-02 4.393993930000000304e-03
8.981900000000000994e-02 6.666599769999997926e-02 4.367984719999999828e-03
9.015899999999998915e-02 5.856168540000000755e-02 4.110636160000000205e-03
9.049899999999998224e-02 6.275083269999998103e-02 4.140122730000000105e-03
9.083800000000001595e-02 6.021690729999999714e-02 4.058792589999999680e-03
9.117799999999999516e-02 6.365854130000000999e-02 4.177959799999999592e-03
9.151700000000000113e-02 6.740814339999998128e-02 4.290390189999999937e-03
9.185699999999998033e-02 5.846784200000000598e-02 3.964039590000000175e-03
9.219599999999998630e-02 5.798582900000000262e-02 4.048869549999999616e-03
9.253599999999997938e-02 5.734388660000001164e-02 3.943574850000000111e-03
9.287600000000000022e-02 5.645191570000000075e-02 3.902892280000000002e-03
9.321500000000000619e-02 5.903941479999998826e-02 3.939550049999999796e-03
9.355500000000001315e-02 5.782006490000001636e-02 3.942444909999999643e-03
9.389399999999999136e-02 4.586970540000000207e-02 3.867381960000000098e-03
9.423399999999999832e-02 5.752743959999999379e-02 3.966803330000000065e-03
9.457400000000000528e-02 5.152374819999998301e-02 3.774787700000000173e-03
9.491299999999998349e-02 5.375787279999999502e-02 3.874082870000000040e-03
9.525300000000000433e-02 5.307815779999999761e-02 3.801009790000000037e-03
9.559199999999998254e-02 5.111619919999998984e-02 3.758952040000000140e-03
9.593200000000001726e-02 4.981819340000000901e-02 3.778933080000000059e-03
9.627099999999999547e-02 5.058609230000001011e-02 3.917474849999999856e-03
9.661100000000000243e-02 4.455936159999999979e-02 3.485735700000000027e-03
9.695099999999998164e-02 4.587830629999999077e-02 3.488212980000000071e-03
9.728999999999997372e-02 4.662780839999999122e-02 3.597692019999999911e-03
9.762999999999996681e-02 5.316938409999999449e-02 3.774867620000000017e-03
9.796899999999998665e-02 4.537607420000000502e-02 3.511460080000000216e-03
9.830899999999997974e-02 4.116194450000000560e-02 3.441773710000000167e-03
9.864799999999999958e-02 4.452384360000000846e-02 3.505719310000000085e-03
9.898800000000000654e-02 4.379031459999999099e-02 3.548696510000000186e-03
9.932800000000001350e-02 4.163240110000000771e-02 3.414652869999999785e-03
9.966700000000000559e-02 3.725217229999999019e-02 3.419780060000000062e-03
1.000069999999999848e-01 4.639188720000000238e-02 3.479453420000000029e-03
1.003460000000000046e-01 4.138265430000000883e-02 3.416134419999999981e-03
1.006859999999999977e-01 4.610603030000000324e-02 3.400463419999999893e-03
1.010260000000000047e-01 4.016979589999999239e-02 3.428277659999999939e-03
1.013649999999999968e-01 4.088372730000000566e-02 3.401987400000000116e-03
1.017050000000000037e-01 4.360656459999999457e-02 3.427954180000000132e-03
1.020439999999999958e-01 3.458565360000000893e-02 3.310962639999999804e-03
1.023839999999999889e-01 4.839180809999999583e-02 3.514936480000000005e-03
1.027229999999999949e-01 3.810778720000000674e-02 3.266838880000000160e-03
1.030630000000000018e-01 3.863987239999999018e-02 3.281812519999999928e-03
1.034029999999999810e-01 3.539290090000000999e-02 3.059707709999999817e-03
1.037420000000000148e-01 3.652851140000000496e-02 3.238061710000000176e-03
1.040819999999999940e-01 4.208700560000000479e-02 3.359349069999999909e-03
1.044209999999999861e-01 4.248763809999999558e-02 3.316850190000000202e-03
1.047610000000000069e-01 3.587316260000000812e-02 3.146660600000000113e-03
1.051010000000000000e-01 3.760967050000000450e-02 3.194512110000000040e-03
1.054400000000000059e-01 3.782906410000000386e-02 3.144382629999999904e-03
1.057799999999999851e-01 3.670917879999999189e-02 3.241019630000000016e-03
1.061190000000000050e-01 3.779329049999999995e-02 3.196360479999999903e-03
1.064590000000000120e-01 3.373469239999999508e-02 2.982217699999999919e-03
1.067979999999999902e-01 3.049911890000000028e-02 3.230008710000000123e-03
1.071379999999999971e-01 3.383367780000000324e-02 3.233143090000000028e-03
1.074780000000000041e-01 3.449899100000000662e-02 3.119497440000000132e-03
1.078169999999999962e-01 3.339326880000000053e-02 3.151911989999999809e-03
1.081570000000000170e-01 3.398474739999999411e-02 3.096717949999999806e-03
1.084959999999999952e-01 3.508318330000000790e-02 3.074631469999999835e-03
1.088359999999999883e-01 3.251061410000000151e-02 2.974840930000000050e-03
1.091760000000000091e-01 3.295799249999999125e-02 3.008164719999999962e-03
1.095150000000000151e-01 2.913069460000000319e-02 2.951600600000000175e-03
1.098549999999999804e-01 3.800068289999999904e-02 3.047086829999999785e-03
1.101939999999999864e-01 3.164832850000000308e-02 2.878115840000000213e-03
1.105339999999999934e-01 3.320253029999999800e-02 3.009039279999999993e-03
1.108729999999999855e-01 2.869337759999999321e-02 2.973351710000000144e-03
1.112130000000000063e-01 3.653946230000000572e-02 2.975286240000000072e-03
1.115529999999999994e-01 2.848425110000000343e-02 2.832050239999999927e-03
1.118920000000000053e-01 2.977622359999999163e-02 2.950843079999999983e-03
1.122320000000000123e-01 2.612014699999999634e-02 2.861214960000000012e-03
1.125710000000000044e-01 2.994958389999999304e-02 2.884955990000000192e-03
1.129110000000000114e-01 2.808779849999999689e-02 2.837454530000000155e-03
1.132499999999999896e-01 2.389383900000000352e-02 2.843542139999999992e-03
1.135900000000000104e-01 3.310243289999999922e-02 2.971879330000000170e-03
1.139300000000000035e-01 2.895032790000000647e-02 2.662590419999999892e-03
1.142689999999999956e-01 2.995765789999999679e-02 2.783644929999999802e-03
1.146090000000000164e-01 3.146339809999999793e-02 2.936283369999999858e-03
1.149479999999999946e-01 2.662760440000000103e-02 2.834757309999999877e-03
1.152880000000000155e-01 2.706626509999999347e-02 2.843311470000000132e-03
1.156279999999999947e-01 2.631174879999999966e-02 2.648240159999999850e-03
1.159669999999999868e-01 2.689874100000000032e-02 2.759236789999999859e-03
1.163069999999999937e-01 2.959232579999999946e-02 2.727490679999999834e-03
1.166460000000000136e-01 2.584604789999999513e-02 2.767727639999999819e-03
1.169860000000000066e-01 3.304461189999999271e-02 2.820547929999999825e-03
1.173249999999999849e-01 2.843826009999999779e-02 2.731198680000000104e-03
1.176650000000000057e-01 3.086122100000000812e-02 2.831242889999999787e-03
1.180049999999999988e-01 2.609655209999999642e-02 2.716347630000000117e-03
1.183439999999999909e-01 1.912520740000000358e-02 2.630849110000000202e-03
1.186839999999999978e-01 2.603413079999999935e-02 2.641367469999999790e-03
1.190229999999999899e-01 2.009825500000000237e-02 2.524282620000000213e-03
1.193629999999999969e-01 2.387962200000000312e-02 2.617912379999999799e-03
1.197030000000000038e-01 2.226411940000000075e-02 2.528050860000000035e-03
1.200419999999999821e-01 2.295284349999999682e-02 2.683140569999999982e-03
1.203820000000000029e-01 2.344692469999999640e-02 2.615026539999999906e-03
1.207210000000000089e-01 2.511196419999999971e-02 2.622948500000000117e-03
1.210610000000000019e-01 2.293566329999999556e-02 2.631136550000000036e-03
1.213999999999999801e-01 2.694998970000000299e-02 2.571866620000000034e-03
1.217399999999999871e-01 2.661684450000000035e-02 2.609254200000000155e-03
1.220799999999999802e-01 2.504565189999999678e-02 2.555728680000000051e-03
1.224190000000000139e-01 2.096808039999999845e-02 2.563129979999999915e-03
1.227590000000000070e-01 2.349858809999999520e-02 2.644351059999999840e-03
1.230979999999999852e-01 2.518616460000000154e-02 2.645671310000000109e-03
1.234380000000000061e-01 2.001648639999999493e-02 2.472466090000000061e-03
1.237779999999999991e-01 2.251971759999999920e-02 2.433917900000000158e-03
1.241170000000000051e-01 2.108620439999999568e-02 2.499419909999999953e-03
1.244570000000000121e-01 1.801987329999999929e-02 2.466846139999999844e-03
1.247959999999999903e-01 1.919104209999999630e-02 2.290890920000000081e-03
1.251359999999999972e-01 1.888223499999999722e-02 2.477834590000000184e-03
1.254750000000000032e-01 1.828714110000000462e-02 2.355332080000000026e-03
1.258150000000000102e-01 1.783356830000000157e-02 2.396326069999999992e-03
1.261549999999999894e-01 2.238485809999999493e-02 2.398739009999999953e-03
1.264939999999999953e-01 1.937528079999999500e-02 2.420137880000000109e-03
1.268339999999999745e-01 1.620673820000000445e-02 2.472604580000000059e-03
1.271730000000000083e-01 1.080626300000000171e-02 2.329779640000000183e-03
1.275129999999999875e-01 1.410030429999999634e-02 2.344488970000000068e-03
1.278529999999999944e-01 2.027148379999999667e-02 2.522182449999999920e-03
1.281920000000000004e-01 1.579633860000000112e-02 2.436752959999999996e-03
1.285320000000000074e-01 2.041662730000000023e-02 2.379060890000000029e-03
1.288710000000000411e-01 1.963845880000000474e-02 2.436540059999999820e-03
1.292109999999999925e-01 2.266000840000000072e-02 2.449453510000000004e-03
1.295499999999999985e-01 2.187769930000000099e-02 2.388562720000000049e-03
1.298900000000000055e-01 2.435645510000000388e-02 2.496134520000000204e-03
1.302300000000000124e-01 1.741844280000000300e-02 2.350019310000000129e-03
1.305689999999999629e-01 2.315453859999999642e-02 2.368664150000000194e-03
1.309089999999999976e-01 1.940666110000000347e-02 2.388289119999999991e-03
1.312480000000000036e-01 1.506394630000000394e-02 2.270867919999999991e-03
1.315879999999999828e-01 1.814752810000000438e-02 2.250062430000000172e-03
1.319269999999999887e-01 1.794928879999999755e-02 2.353422899999999852e-03
1.322670000000000234e-01 1.933345949999999702e-02 2.321003930000000055e-03
1.326070000000000026e-01 1.342053789999999788e-02 2.248413600000000092e-03
1.329460000000000086e-01 1.731108509999999823e-02 2.315328260000000006e-03
1.332859999999999878e-01 1.289774899999999828e-02 2.307377920000000006e-03
1.336249999999999938e-01 1.743686740000000360e-02 2.277756579999999989e-03
1.339650000000000285e-01 1.664303030000000364e-02 2.324330629999999970e-03
1.343050000000000077e-01 1.460874570000000178e-02 2.289840100000000052e-03
1.346440000000000137e-01 1.436398539999999766e-02 2.147058639999999911e-03
1.349839999999999929e-01 1.597815079999999680e-02 2.258555179999999912e-03
1.353229999999999988e-01 1.479111000000000141e-02 2.245042479999999861e-03
1.356630000000000058e-01 1.911353290000000413e-02 2.279812270000000207e-03
1.360020000000000395e-01 1.186676999999999871e-02 2.211884730000000018e-03
1.363419999999999632e-01 1.626382900000000048e-02 2.291600129999999888e-03
1.366819999999999979e-01 1.470597550000000107e-02 2.215586070000000012e-03
1.370210000000000039e-01 1.102229709999999994e-02 2.301562510000000183e-03
1.373610000000000109e-01 1.693704149999999964e-02 2.292204249999999811e-03
1.376999999999999891e-01 1.054314089999999933e-02 2.286879080000000022e-03
1.380399999999999683e-01 1.687052519999999653e-02 2.275339459999999817e-03
1.383800000000000030e-01 1.369440250000000282e-02 2.219575460000000004e-03
1.387190000000000367e-01 1.195913419999999720e-02 2.214551859999999966e-03
1.390589999999999882e-01 1.179761169999999845e-02 2.125305569999999967e-03
1.393979999999999664e-01 1.504945220000000229e-02 2.302068769999999955e-03
1.397380000000000289e-01 1.330716829999999649e-02 2.307479019999999787e-03
1.400770000000000071e-01 9.639505269999995921e-03 2.236558530000000086e-03
1.404169999999999585e-01 1.114218770000000025e-02 2.263499459999999876e-03
1.407570000000000210e-01 1.372244740000000233e-02 2.307200020000000056e-03
1.410959999999999992e-01 1.193697539999999911e-02 2.339929310000000203e-03
1.414360000000000062e-01 1.585857150000000160e-02 2.350342259999999885e-03
1.417750000000000121e-01 8.681749429999996437e-03 2.200587920000000169e-03
