2.970999999999998815e-03 5.813344309999998814e+02 1.087182100000000062e+01
3.141000000000000996e-03 4.664026620000001344e+02 8.762096760000000373e+00
3.311000000000000575e-03 4.041593010000001414e+02 6.932385670000000388e+00
3.481000000000000587e-03 3.461336440000001176e+02 6.371280510000000064e+00
3.650999999999999732e-03 3.097208010000000513e+02 5.845598869999999891e+00
3.820000000000001346e-03 2.830646070000000805e+02 5.268325110000000144e+00
3.990000000000001358e-03 2.653719179999999938e+02 5.012829530000000311e+00
4.160000000000000503e-03 2.364715889999999661e+02 4.487257589999999574e+00
4.330000000000001383e-03 2.303828060000000164e+02 4.500648349999999631e+00
4.498999999999999527e-03 2.131361089999998910e+02 4.198062840000000406e+00
4.668999999999997805e-03 2.074055370000000096e+02 4.039799470000000170e+00
4.839000000000002154e-03 1.843116730000000416e+02 3.752894780000000097e+00
5.009000000000003033e-03 1.887032650000000444e+02 3.678572990000000154e+00
5.178999999999999576e-03 1.801114430000000084e+02 3.668958420000000054e+00
5.347999999999998588e-03 1.727397790000000271e+02 3.375488700000000009e+00
5.518000000000000335e-03 1.737119559999999581e+02 3.336726469999999889e+00
5.688000000000000347e-03 1.668750519999999256e+02 3.308023079999999894e+00
5.858000000000001227e-03 1.645303769999999872e+02 3.235588219999999904e+00
6.027999999999998637e-03 1.652828040000000271e+02 3.193803690000000195e+00
6.197000000000001119e-03 1.572431070000000659e+02 2.951031480000000151e+00
6.367000000000001998e-03 1.570934880000000362e+02 3.003348420000000019e+00
6.536999999999999408e-03 1.526741349999999500e+02 2.921111890000000155e+00
6.707000000000002023e-03 1.512320100000000593e+02 2.864803849999999930e+00
6.877000000000001168e-03 1.476350349999999878e+02 2.795973739999999985e+00
7.045999999999998445e-03 1.453927349999999308e+02 2.694894070000000141e+00
7.216000000000001059e-03 1.456790609999999333e+02 2.752605509999999978e+00
7.386000000000001071e-03 1.472989959999999883e+02 2.671291490000000213e+00
7.556000000000001084e-03 1.423699739999999849e+02 2.610157780000000205e+00
7.726000000000001096e-03 1.484274270000000229e+02 2.616942980000000141e+00
7.895000000000002710e-03 1.471211580000000083e+02 2.590720269999999825e+00
8.064999999999999253e-03 1.441743420000000526e+02 2.626576179999999816e+00
8.235000000000002734e-03 1.475004040000000032e+02 2.498735470000000181e+00
8.404999999999997543e-03 1.485194439999999929e+02 2.505084919999999826e+00
8.574000000000000024e-03 1.515521829999999852e+02 2.503930969999999867e+00
8.743999999999996567e-03 1.502664859999999294e+02 2.525992819999999917e+00
8.913999999999996579e-03 1.513930819999999926e+02 2.510410320000000084e+00
9.083999999999996591e-03 1.462442529999999863e+02 2.357459330000000186e+00
9.254000000000001808e-03 1.517094160000000613e+02 2.479462760000000099e+00
9.422999999999995616e-03 1.555859609999999975e+02 2.396876709999999910e+00
9.593000000000002567e-03 1.591783559999999227e+02 2.481166040000000184e+00
9.762999999999997375e-03 1.619822689999999454e+02 2.427888199999999941e+00
9.933000000000006061e-03 1.615642819999999631e+02 2.406385559999999924e+00
1.010299999999999913e-02 1.665247359999999901e+02 2.494633159999999794e+00
1.027200000000000162e-02 1.698182409999999720e+02 2.410060490000000222e+00
1.044200000000000163e-02 1.690506109999999467e+02 2.440891189999999877e+00
1.061200000000000164e-02 1.731934050000000411e+02 2.382078009999999857e+00
1.078200000000000165e-02 1.822374549999999829e+02 2.474034370000000038e+00
1.095199999999999819e-02 1.850858080000000143e+02 2.525310909999999964e+00
1.112099999999999894e-02 1.910771309999999801e+02 2.441294329999999846e+00
1.129099999999999722e-02 1.933174189999999726e+02 2.497117970000000131e+00
1.146100000000000070e-02 1.995902460000000644e+02 2.494067090000000153e+00
1.163100000000000071e-02 2.015207180000000449e+02 2.517590209999999828e+00
1.180000000000000319e-02 2.011863769999999363e+02 2.489790650000000216e+00
1.197000000000000321e-02 2.056769989999999382e+02 2.439360590000000162e+00
1.213999999999999801e-02 2.098935169999998891e+02 2.528160469999999993e+00
1.231000000000000150e-02 2.113560840000000951e+02 2.491514920000000188e+00
1.247999999999999977e-02 2.125822470000001090e+02 2.477236369999999965e+00
1.264899999999999879e-02 2.144200329999999610e+02 2.467652830000000019e+00
1.281900000000000400e-02 2.031973239999999237e+02 2.366509670000000121e+00
1.298900000000000055e-02 2.057743780000000413e+02 2.437035489999999971e+00
1.315900000000000056e-02 1.988314979999999821e+02 2.307313890000000089e+00
1.332899999999999884e-02 1.945260880000000725e+02 2.304997890000000105e+00
1.349799999999999785e-02 1.945293920000000298e+02 2.256149610000000028e+00
1.366800000000000133e-02 1.817439990000000591e+02 2.197467889999999979e+00
1.383799999999999614e-02 1.761426459999999281e+02 2.180842240000000043e+00
1.400799999999999788e-02 1.656555720000000917e+02 2.026335609999999843e+00
1.417800000000000137e-02 1.622537689999999486e+02 2.032089379999999945e+00
1.434700000000000038e-02 1.524859569999999280e+02 1.958077290000000081e+00
1.451699999999999866e-02 1.398882660000000442e+02 1.875733490000000003e+00
1.468699999999999867e-02 1.356619660000000351e+02 1.833410109999999982e+00
1.485699999999999868e-02 1.240007040000000416e+02 1.700711309999999976e+00
1.502699999999999869e-02 1.146353250000000088e+02 1.674096189999999984e+00
1.519600000000000291e-02 1.053338529999999906e+02 1.583849539999999889e+00
1.536599999999999772e-02 1.006782830000000217e+02 1.548503509999999972e+00
1.553600000000000293e-02 9.369597880000000600e+01 1.460347279999999914e+00
1.570599999999999774e-02 8.374929910000001598e+01 1.378684079999999978e+00
1.587500000000000022e-02 7.818106819999998436e+01 1.351630719999999952e+00
1.604500000000000023e-02 7.463722180000002027e+01 1.290414830000000013e+00
1.621499999999999678e-02 6.774287150000002100e+01 1.230322850000000079e+00
1.638499999999999679e-02 6.567004190000000108e+01 1.190396400000000021e+00
1.655500000000000027e-02 6.279294790000001569e+01 1.177210689999999893e+00
1.672399999999999581e-02 5.965064569999999833e+01 1.146490760000000053e+00
1.689400000000000276e-02 5.594728609999999236e+01 1.080662210000000067e+00
1.706399999999999931e-02 5.255893240000001043e+01 1.057787349999999904e+00
1.723399999999999932e-02 5.332721660000000696e+01 1.061433330000000064e+00
1.740399999999999933e-02 5.008355489999999577e+01 1.070335100000000095e+00
1.757299999999999487e-02 4.630039989999999506e+01 1.005694129999999964e+00
1.774299999999999836e-02 4.592194030000000282e+01 1.002885690000000052e+00
1.791300000000000184e-02 4.416555480000000244e+01 1.003269060000000046e+00
1.808299999999999838e-02 4.209008450000000323e+01 9.564060439999999552e-01
1.825300000000000186e-02 4.187079229999999086e+01 9.759842939999999745e-01
1.842200000000000087e-02 4.075675619999999810e+01 9.400482070000000245e-01
1.859200000000000089e-02 3.857102739999999841e+01 9.325358700000000445e-01
1.876199999999999743e-02 3.880978940000000676e+01 9.456518769999999741e-01
1.893200000000000438e-02 3.667337449999999421e+01 8.856806099999999793e-01
1.910200000000000092e-02 3.780652459999999593e+01 9.192675049999999848e-01
1.927099999999999647e-02 3.536859379999999931e+01 8.764234159999999552e-01
1.944099999999999648e-02 3.506377859999999203e+01 8.862784919999999733e-01
1.961099999999999649e-02 3.521207040000000177e+01 8.935460029999999776e-01
1.978099999999999997e-02 3.453387390000001034e+01 8.594968419999999831e-01
1.994999999999999551e-02 3.490544269999999472e+01 8.757214460000000145e-01
2.012000000000000247e-02 3.319631540000000314e+01 8.407795719999999751e-01
2.028999999999999901e-02 3.373375049999999931e+01 8.668064049999999465e-01
2.046000000000000249e-02 3.083987829999999519e+01 8.149560510000000146e-01
2.062999999999999903e-02 3.077175300000000746e+01 8.062782670000000484e-01
2.079900000000000151e-02 3.216201670000000234e+01 8.464412810000000453e-01
2.096900000000000153e-02 3.006711079999999470e+01 7.920257640000000210e-01
2.113899999999999807e-02 3.286560520000000452e+01 8.511862220000000478e-01
2.130899999999999461e-02 3.208830869999999180e+01 8.159993650000000320e-01
2.147900000000000156e-02 3.192798740000000635e+01 8.201461420000000224e-01
2.164800000000000058e-02 3.027771370000000317e+01 8.134823770000000343e-01
2.181800000000000406e-02 3.092719549999999629e+01 7.976434620000000253e-01
2.198799999999999713e-02 3.072773950000000553e+01 8.097861669999999457e-01
2.215800000000000061e-02 3.212142020000000286e+01 8.050275249999999660e-01
2.232799999999999715e-02 3.047720249999999353e+01 8.004445909999999831e-01
2.249699999999999617e-02 3.017592810000000370e+01 8.025389870000000370e-01
2.266700000000000312e-02 2.996327029999999425e+01 7.789522410000000452e-01
2.283699999999999619e-02 2.933568259999999128e+01 7.851678100000000216e-01
2.300699999999999967e-02 3.193650140000000448e+01 8.034453070000000530e-01
2.317699999999999622e-02 2.967382860000000733e+01 7.801322910000000332e-01
2.334599999999999870e-02 2.919875219999999771e+01 7.656581759999999681e-01
2.351599999999999871e-02 2.854720819999999648e+01 7.589222180000000373e-01
2.368599999999999872e-02 2.840046599999999799e+01 7.478690159999999976e-01
2.385599999999999873e-02 2.765684449999999828e+01 7.261896129999999561e-01
2.402500000000000122e-02 2.761563870000000875e+01 7.164498280000000108e-01
2.419499999999999776e-02 2.551470619999999911e+01 6.720102949999999797e-01
2.436500000000000124e-02 2.595347669999999596e+01 6.822753190000000467e-01
2.453499999999999778e-02 2.421232439999999997e+01 6.603095610000000448e-01
2.470500000000000126e-02 2.486467759999999672e+01 6.592287629999999954e-01
2.487399999999999334e-02 2.431535160000000673e+01 6.488911899999999511e-01
2.504400000000000376e-02 2.157171570000000216e+01 6.023278970000000010e-01
2.521400000000000724e-02 2.170267499999999927e+01 6.071756619999999494e-01
2.538400000000000725e-02 2.070096270000000516e+01 5.897318870000000102e-01
2.555400000000000726e-02 1.936478710000000092e+01 5.627427170000000034e-01
2.572300000000000281e-02 1.799834629999999791e+01 5.465272350000000001e-01
2.589300000000000282e-02 1.822593880000000510e+01 5.423713740000000172e-01
2.606299999999999936e-02 1.626814360000000192e+01 5.126822739999999934e-01
2.623300000000000284e-02 1.534074410000000377e+01 4.908685250000000000e-01
2.640300000000000286e-02 1.461071859999999845e+01 4.772831860000000259e-01
2.657199999999999493e-02 1.459290840000000244e+01 4.815778310000000118e-01
2.674199999999999841e-02 1.269869699999999746e+01 4.481515810000000211e-01
2.691200000000000189e-02 1.273174999999999635e+01 4.448268730000000115e-01
2.708200000000000190e-02 1.126695149999999934e+01 4.088856860000000260e-01
2.725100000000000092e-02 1.098901360000000160e+01 4.075790400000000036e-01
2.742100000000000093e-02 1.006666640000000257e+01 3.911079720000000259e-01
2.759099999999999400e-02 9.561858880000000838e+00 3.764791659999999762e-01
2.776100000000000789e-02 8.473251319999999254e+00 3.548606300000000102e-01
2.793100000000000097e-02 8.152735299999998020e+00 3.461670900000000106e-01
2.809999999999999304e-02 7.307560810000000906e+00 3.290753269999999731e-01
2.826999999999999652e-02 6.634020200000000145e+00 3.113211790000000034e-01
2.843999999999999653e-02 6.224421990000000626e+00 2.989813499999999791e-01
2.861000000000000001e-02 6.086735149999999095e+00 2.971348129999999976e-01
2.878000000000000350e-02 5.369868040000000065e+00 2.746954469999999815e-01
2.894899999999999904e-02 5.791352690000000969e+00 2.872409060000000181e-01
2.911899999999999905e-02 5.255615490000000278e+00 2.712078430000000040e-01
2.928900000000000253e-02 4.408614290000000047e+00 2.511401850000000158e-01
2.945899999999999561e-02 4.588439750000000039e+00 2.571354350000000233e-01
2.962899999999999562e-02 3.677881420000000290e+00 2.233006529999999878e-01
2.979800000000000504e-02 3.664416129999999772e+00 2.271251139999999891e-01
2.996799999999999811e-02 3.396565570000000367e+00 2.139152460000000033e-01
3.013800000000000159e-02 3.270804689999999848e+00 2.140933479999999889e-01
3.030800000000000161e-02 2.863274459999999966e+00 2.010285229999999868e-01
3.047800000000000162e-02 3.166630609999999901e+00 2.073867789999999933e-01
3.064699999999999716e-02 2.347008189999999939e+00 1.810491479999999931e-01
3.073199999999999890e-02 2.088250749999999822e+00 3.344698050000000089e-02
3.107199999999999199e-02 1.844352079999999949e+00 3.122142610000000137e-02
3.141100000000000142e-02 1.631843930000000054e+00 2.930075999999999861e-02
3.175100000000000838e-02 1.455816530000000109e+00 2.800650409999999937e-02
3.209000000000000741e-02 1.313940090000000005e+00 2.634735880000000155e-02
3.243000000000000049e-02 1.194431409999999971e+00 2.512629820000000097e-02
3.277000000000000052e-02 1.103176029999999974e+00 2.403815590000000016e-02
3.310900000000000648e-02 1.014358819999999994e+00 2.304316279999999925e-02
3.344899999999999957e-02 9.235995340000000553e-01 2.204448460000000068e-02
3.378799999999999165e-02 8.932336060000000133e-01 2.162256070000000141e-02
3.412799999999999861e-02 8.557386479999999906e-01 2.159663300000000050e-02
3.446800000000000558e-02 8.261061669999999468e-01 2.123464499999999991e-02
3.480699999999999766e-02 7.805629589999999451e-01 2.038819429999999891e-02
3.514700000000000463e-02 7.785466720000000507e-01 2.084694520000000134e-02
3.548599999999999671e-02 8.186403679999999516e-01 2.135362260000000026e-02
3.582599999999998980e-02 8.097496069999999824e-01 2.122951719999999903e-02
3.616500000000000270e-02 7.298027729999999602e-01 2.064212639999999863e-02
3.650500000000000966e-02 7.968356559999999478e-01 2.128309119999999971e-02
3.684500000000000275e-02 7.997735569999999683e-01 2.114328279999999963e-02
3.718400000000000177e-02 7.855769989999999980e-01 2.116916719999999835e-02
3.752400000000000180e-02 8.540017819999999871e-01 2.164844930000000070e-02
3.786300000000000776e-02 8.774222480000000157e-01 2.216707769999999925e-02
3.820300000000000779e-02 8.596354410000000001e-01 2.202312749999999972e-02
3.854300000000000781e-02 8.478957400000000089e-01 2.161457459999999858e-02
3.888199999999999990e-02 8.906034339999999716e-01 2.226484449999999865e-02
3.922199999999999992e-02 9.364378420000000203e-01 2.277648609999999990e-02
3.956099999999999201e-02 9.543440220000000140e-01 2.243257749999999842e-02
3.990099999999999203e-02 9.864721239999999503e-01 2.316860169999999941e-02
4.023999999999999105e-02 9.958014419999999811e-01 2.294205839999999968e-02
4.057999999999999802e-02 9.962668239999999953e-01 2.312067190000000050e-02
4.091999999999999110e-02 1.051734069999999965e+00 2.341648879999999946e-02
4.125900000000000400e-02 1.055529160000000077e+00 2.357905189999999832e-02
4.159900000000000403e-02 1.091868400000000072e+00 2.398516740000000008e-02
4.193800000000000305e-02 1.112541419999999892e+00 2.372828479999999907e-02
4.227800000000000308e-02 1.100346920000000006e+00 2.419696160000000054e-02
4.261799999999999616e-02 1.142302219999999924e+00 2.415927550000000062e-02
4.295699999999999519e-02 1.119522949999999906e+00 2.393695670000000122e-02
4.329700000000000909e-02 1.099662149999999894e+00 2.387710079999999860e-02
4.363599999999999424e-02 1.183289519999999984e+00 2.440396540000000156e-02
4.397599999999999426e-02 1.112850380000000028e+00 2.389358030000000160e-02
4.431499999999999329e-02 1.155949399999999905e+00 2.399921110000000080e-02
4.465500000000000025e-02 1.124786779999999986e+00 2.401833589999999991e-02
4.499500000000000721e-02 1.093376799999999927e+00 2.332221510000000164e-02
4.533399999999999236e-02 1.095884800000000103e+00 2.337675040000000010e-02
4.567399999999999932e-02 1.077560829999999914e+00 2.347027620000000092e-02
4.601299999999999141e-02 1.047296400000000016e+00 2.278932770000000052e-02
4.635299999999999143e-02 1.018539400000000095e+00 2.254809580000000091e-02
4.669200000000000433e-02 9.746702080000000379e-01 2.208934369999999980e-02
4.703200000000000436e-02 9.899515840000000511e-01 2.190264949999999947e-02
4.737200000000000438e-02 9.685484730000000209e-01 2.130980310000000003e-02
4.771100000000001035e-02 9.098304149999999479e-01 2.048123030000000011e-02
4.805099999999998955e-02 8.889780990000000216e-01 2.017616930000000128e-02
4.839000000000000246e-02 8.462814480000000472e-01 1.936259239999999979e-02
4.873000000000000942e-02 8.056051199999999524e-01 1.887235149999999875e-02
4.907000000000000250e-02 7.836971689999999713e-01 1.850447090000000017e-02
4.940900000000000847e-02 7.051817419999999448e-01 1.745915769999999839e-02
4.974900000000000155e-02 6.933293130000000026e-01 1.720150869999999971e-02
5.008800000000001446e-02 6.521907519999999847e-01 1.675993439999999904e-02
5.042799999999999366e-02 5.980754619999999466e-01 1.595308200000000037e-02
5.076700000000000657e-02 5.917377430000000382e-01 1.596616149999999928e-02
5.110700000000000659e-02 5.382513740000000046e-01 1.504398350000000009e-02
5.144699999999999968e-02 5.007210399999999506e-01 1.453783810000000044e-02
5.178599999999998482e-02 4.690016699999999816e-01 1.423008119999999953e-02
5.212600000000000566e-02 4.325181599999999849e-01 1.359217180000000039e-02
5.246499999999999775e-02 4.356093460000000084e-01 1.369393760000000085e-02
5.280499999999999083e-02 4.025931180000000276e-01 1.304388700000000054e-02
5.314499999999998392e-02 3.795709939999999949e-01 1.260444630000000059e-02
5.348400000000000376e-02 3.529842049999999953e-01 1.211284470000000002e-02
5.382399999999998991e-02 3.148667219999999878e-01 1.199806540000000060e-02
5.416300000000000281e-02 3.023165819999999449e-01 1.166051279999999989e-02
5.450300000000001671e-02 2.924470060000000093e-01 1.107399729999999916e-02
5.484200000000000880e-02 2.826257460000000110e-01 1.116492659999999970e-02
5.518199999999999494e-02 2.659526770000000817e-01 1.071158789999999972e-02
5.552199999999998803e-02 2.739252830000000194e-01 1.056537859999999961e-02
5.586100000000000093e-02 2.569149259999999879e-01 1.048055250000000035e-02
5.620099999999999402e-02 2.536289990000000216e-01 1.025441570000000004e-02
5.653999999999999998e-02 2.283455659999999998e-01 1.015141060000000067e-02
5.688000000000000000e-02 2.404740949999999988e-01 9.790696390000000818e-03
5.722000000000000697e-02 2.041739180000000098e-01 9.528125749999999741e-03
5.755899999999999211e-02 2.102956519999999718e-01 9.543485440000000833e-03
5.789899999999999214e-02 2.059233869999999855e-01 9.309896819999999990e-03
5.823800000000000504e-02 2.122551890000000108e-01 9.376728120000000360e-03
5.857800000000001200e-02 1.898905740000000064e-01 9.068931299999999363e-03
5.891699999999998327e-02 1.983850269999999916e-01 9.049088480000000087e-03
5.925699999999998330e-02 2.040574319999999831e-01 8.919986010000000368e-03
5.959700000000001108e-02 1.861170989999999803e-01 8.793196110000000079e-03
5.993600000000000316e-02 1.822525989999999874e-01 8.674704590000000340e-03
6.027600000000001013e-02 1.881373540000000066e-01 8.729688580000000489e-03
6.061500000000000915e-02 2.013500579999999707e-01 8.721091210000000288e-03
6.095499999999999530e-02 1.882080809999999993e-01 8.758539200000000149e-03
6.129400000000000126e-02 2.101271999999999585e-01 8.904309430000000025e-03
6.163399999999999435e-02 2.028166120000000350e-01 8.644654519999999537e-03
6.197400000000001519e-02 1.940797520000000220e-01 8.659421400000000615e-03
6.231300000000000727e-02 2.081231119999999990e-01 8.633208559999999351e-03
6.265299999999998648e-02 1.999477129999999991e-01 8.578826810000000566e-03
6.299200000000002020e-02 1.910837649999999888e-01 8.459628849999999492e-03
6.333200000000001328e-02 1.990118209999999777e-01 8.544230479999999697e-03
6.367200000000000637e-02 2.103816450000000060e-01 8.565879469999999191e-03
6.401099999999998458e-02 1.949107029999999907e-01 8.277111170000000379e-03
6.435100000000000542e-02 2.125699400000000405e-01 8.534728559999999603e-03
6.469000000000001138e-02 2.004363350000000210e-01 8.494675579999999560e-03
6.502999999999999059e-02 2.011150060000000406e-01 8.335066340000000726e-03
6.536899999999999655e-02 2.265355259999999871e-01 8.686212270000000235e-03
6.570900000000000352e-02 2.186630820000000364e-01 8.336916479999999588e-03
6.604899999999998272e-02 2.074043750000000019e-01 8.287756990000000670e-03
6.638799999999998869e-02 2.178182920000000244e-01 8.380473100000000730e-03
6.672799999999999565e-02 2.096881170000000072e-01 8.329936379999999807e-03
6.706699999999998774e-02 2.135487990000000391e-01 8.297310340000000825e-03
6.740699999999999470e-02 2.009466860000000132e-01 8.162214660000000066e-03
6.774700000000000166e-02 2.130570480000000266e-01 8.243636869999999492e-03
6.808600000000000763e-02 2.034383750000000046e-01 8.008749819999999228e-03
6.842600000000000071e-02 2.010175529999999600e-01 7.844876380000000843e-03
6.876500000000000667e-02 1.942567470000000351e-01 7.914003100000000651e-03
6.910499999999998588e-02 1.898716629999999683e-01 7.568522609999999567e-03
6.944400000000000572e-02 1.910789799999999816e-01 7.792892160000000276e-03
6.978399999999998493e-02 1.960545860000000029e-01 7.600744349999999892e-03
7.012399999999999189e-02 1.872047390000000366e-01 7.564511890000000238e-03
7.046299999999999786e-02 1.810437679999999938e-01 7.428746850000000033e-03
7.080300000000001870e-02 1.925011769999999955e-01 7.569538849999999860e-03
7.114199999999999691e-02 1.722272850000000077e-01 7.327881219999999619e-03
7.148199999999998999e-02 1.716677520000000068e-01 7.050019559999999748e-03
7.182200000000001083e-02 1.586793870000000328e-01 6.777491909999999904e-03
7.216100000000000292e-02 1.578679850000000162e-01 6.839755399999999583e-03
7.250099999999998213e-02 1.771315689999999887e-01 7.062623789999999957e-03
7.283999999999998809e-02 1.455428069999999963e-01 6.659657969999999844e-03
7.317999999999999505e-02 1.473269070000000069e-01 6.584240140000000192e-03
7.351899999999998714e-02 1.441375619999999969e-01 6.560786479999999692e-03
7.385899999999998022e-02 1.539337329999999893e-01 6.637656300000000127e-03
7.419899999999998719e-02 1.307750040000000002e-01 6.177066220000000142e-03
7.453799999999999315e-02 1.365351910000000002e-01 6.286875459999999825e-03
7.487800000000001399e-02 1.222036279999999808e-01 6.023524379999999935e-03
7.521699999999999220e-02 1.192108250000000064e-01 6.009263879999999884e-03
7.555699999999998528e-02 1.132240760000000068e-01 5.798142909999999886e-03
7.589700000000002000e-02 1.160051460000000034e-01 5.857089480000000035e-03
7.623599999999998433e-02 1.126070720000000164e-01 5.707032370000000160e-03
7.657599999999999130e-02 1.066478630000000094e-01 5.652080139999999739e-03
7.691500000000001114e-02 1.103142369999999817e-01 5.631544750000000085e-03
7.725500000000001810e-02 1.092905779999999993e-01 5.700877770000000420e-03
7.759400000000001019e-02 1.124272210000000077e-01 5.660451250000000240e-03
7.793400000000000327e-02 9.690095959999997510e-02 5.220117600000000017e-03
7.827400000000001024e-02 9.779078659999997092e-02 5.387210269999999704e-03
7.861300000000001620e-02 8.889743260000002034e-02 5.215539709999999704e-03
7.895300000000000928e-02 9.235201519999998443e-02 5.095576949999999772e-03
7.929200000000001525e-02 8.168847199999999809e-02 5.011500299999999998e-03
7.963199999999999446e-02 8.996679689999999285e-02 5.280795379999999803e-03
7.997099999999998654e-02 8.850493550000003429e-02 5.067979690000000079e-03
8.031100000000000738e-02 8.338231259999999423e-02 5.079695539999999968e-03
8.065100000000000047e-02 9.029739949999998627e-02 5.043613520000000267e-03
8.099000000000000643e-02 9.218895429999998670e-02 5.177552380000000412e-03
8.133000000000001339e-02 8.673871310000000334e-02 4.963532889999999580e-03
8.166899999999999160e-02 8.141768689999999420e-02 4.865017539999999703e-03
8.200899999999998469e-02 8.067862729999999982e-02 5.040096649999999991e-03
8.234900000000001941e-02 7.682602769999997971e-02 4.681799250000000245e-03
8.268799999999998374e-02 8.009702529999999931e-02 4.657766259999999645e-03
8.302800000000001845e-02 8.290073879999999840e-02 4.826686739999999816e-03
8.336699999999999666e-02 7.662258239999998610e-02 4.877110779999999958e-03
8.370699999999998975e-02 8.279076129999998757e-02 4.670383099999999774e-03
8.404600000000000959e-02 7.145427899999998167e-02 4.495492460000000134e-03
8.438599999999998880e-02 7.400884010000001456e-02 4.627004700000000338e-03
8.472599999999999576e-02 8.946232679999999160e-02 4.903395980000000050e-03
8.506500000000001560e-02 8.436089989999998040e-02 4.671201859999999859e-03
8.540500000000000869e-02 6.999242510000000528e-02 4.649337879999999867e-03
8.574400000000001465e-02 8.626242340000001008e-02 4.716128699999999792e-03
8.608400000000000774e-02 7.379275290000000820e-02 4.509505910000000291e-03
8.642399999999998694e-02 8.038978139999999883e-02 4.601719259999999603e-03
8.676300000000002066e-02 7.666514259999998582e-02 4.464026589999999656e-03
8.710299999999999987e-02 8.406411550000000843e-02 4.709612269999999962e-03
8.744200000000001971e-02 8.009468879999999402e-02 4.569605439999999998e-03
8.778199999999999892e-02 8.614485520000000895e-02 4.490853930000000133e-03
8.812100000000001876e-02 8.489725979999999950e-02 4.676931910000000324e-03
8.846099999999999797e-02 8.076065019999999206e-02 4.478876819999999884e-03
8.880100000000000493e-02 8.389655450000001180e-02 4.439133520000000145e-03
8.914000000000001089e-02 7.021315480000001052e-02 4.266768080000000324e-03
8.948000000000001786e-02 7.664531049999999401e-02 4.437050780000000028e-03
8.981900000000000994e-02 8.089632750000000372e-02 4.562107460000000038e-03
9.015899999999998915e-02 6.896384630000002014e-02 4.243930269999999713e-03
9.049899999999998224e-02 6.782395109999998783e-02 4.154433449999999847e-03
9.083800000000001595e-02 6.998306999999999445e-02 4.178277349999999675e-03
9.117799999999999516e-02 7.233364929999999693e-02 4.265792709999999786e-03
9.151700000000000113e-02 7.142453450000001147e-02 4.274842669999999976e-03
9.185699999999998033e-02 7.395523760000000113e-02 4.208542190000000120e-03
9.219599999999998630e-02 6.698280760000001333e-02 4.154126739999999818e-03
9.253599999999997938e-02 6.896593600000000546e-02 4.107908839999999638e-03
9.287600000000000022e-02 7.096330209999998639e-02 4.133083089999999710e-03
9.321500000000000619e-02 7.461545280000000946e-02 4.186580270000000298e-03
9.355500000000001315e-02 6.295795589999998720e-02 3.964228680000000081e-03
9.389399999999999136e-02 6.252664939999999505e-02 4.152189579999999991e-03
9.423399999999999832e-02 6.068311579999999955e-02 3.944733469999999603e-03
9.457400000000000528e-02 6.487175020000000847e-02 3.988524610000000400e-03
9.491299999999998349e-02 6.601025130000001684e-02 4.053618000000000152e-03
9.525300000000000433e-02 5.585781110000000854e-02 3.776465729999999802e-03
9.559199999999998254e-02 6.521701190000001036e-02 3.988604770000000153e-03
9.593200000000001726e-02 6.458477920000001149e-02 4.016949060000000321e-03
9.627099999999999547e-02 5.804715749999998786e-02 3.993141599999999736e-03
9.661100000000000243e-02 5.507926560000000332e-02 3.656880630000000024e-03
9.695099999999998164e-02 5.637142520000000545e-02 3.655600210000000197e-03
9.728999999999997372e-02 6.030053109999999189e-02 3.829410890000000019e-03
9.762999999999996681e-02 5.343036229999999220e-02 3.693896900000000205e-03
9.796899999999998665e-02 5.917986000000000774e-02 3.751115939999999892e-03
9.830899999999997974e-02 5.416445390000000637e-02 3.670696250000000070e-03
9.864799999999999958e-02 5.278187930000000083e-02 3.620456279999999943e-03
9.898800000000000654e-02 5.217885470000000608e-02 3.662353000000000136e-03
9.932800000000001350e-02 5.002464499999999259e-02 3.537324410000000207e-03
9.966700000000000559e-02 4.656725429999999943e-02 3.566871300000000206e-03
1.000069999999999848e-01 4.512108799999999670e-02 3.368821890000000055e-03
1.003460000000000046e-01 4.910378390000000315e-02 3.522851599999999792e-03
1.006859999999999977e-01 4.748812830000000845e-02 3.354524120000000175e-03
1.010260000000000047e-01 4.497196450000001677e-02 3.466401510000000161e-03
1.013649999999999968e-01 4.255544200000000582e-02 3.366502769999999908e-03
1.017050000000000037e-01 4.625786550000000191e-02 3.412901130000000217e-03
1.020439999999999958e-01 3.973543930000000141e-02 3.365198250000000103e-03
1.023839999999999889e-01 4.596615110000000504e-02 3.377719539999999958e-03
1.027229999999999949e-01 4.138821480000000330e-02 3.274975360000000144e-03
1.030630000000000018e-01 4.318014340000000256e-02 3.318601930000000203e-03
1.034029999999999810e-01 4.297905820000001015e-02 3.182128089999999854e-03
1.037420000000000148e-01 4.383561050000000375e-02 3.343607140000000050e-03
1.040819999999999940e-01 4.160431380000000068e-02 3.272590699999999939e-03
1.044209999999999861e-01 4.034700920000000579e-02 3.189717449999999836e-03
1.047610000000000069e-01 4.522955520000000035e-02 3.304860199999999811e-03
1.051010000000000000e-01 4.134360629999999509e-02 3.214073139999999891e-03
1.054400000000000059e-01 4.294569910000000518e-02 3.199213109999999791e-03
1.057799999999999851e-01 3.847532850000000976e-02 3.212876690000000205e-03
1.061190000000000050e-01 4.318189449999999818e-02 3.254839260000000085e-03
1.064590000000000120e-01 4.677562790000000525e-02 3.237878049999999824e-03
1.067979999999999902e-01 3.334048510000000437e-02 3.231678050000000215e-03
1.071379999999999971e-01 3.749534519999999510e-02 3.251401599999999888e-03
1.074780000000000041e-01 3.877270539999999599e-02 3.154875030000000007e-03
1.078169999999999962e-01 3.982045280000000298e-02 3.238127370000000189e-03
1.081570000000000170e-01 3.744074630000000098e-02 3.113877149999999972e-03
1.084959999999999952e-01 4.461323620000000323e-02 3.235950620000000149e-03
1.088359999999999883e-01 4.498608359999999029e-02 3.213406079999999929e-03
1.091760000000000091e-01 3.579856769999999189e-02 3.012894009999999862e-03
1.095150000000000151e-01 4.126265509999999664e-02 3.184703049999999900e-03
1.098549999999999804e-01 4.220654940000000133e-02 3.079866310000000176e-03
1.101939999999999864e-01 4.171020729999999621e-02 3.067494049999999837e-03
1.105339999999999934e-01 3.470220770000000815e-02 2.980584560000000029e-03
1.108729999999999855e-01 3.739974089999999196e-02 3.121506129999999934e-03
1.112130000000000063e-01 4.038477629999999430e-02 3.002499520000000144e-03
1.115529999999999994e-01 3.784122990000000908e-02 3.005191979999999926e-03
1.118920000000000053e-01 4.008041350000000891e-02 3.136791999999999792e-03
1.122320000000000123e-01 3.011025770000000379e-02 2.902510379999999855e-03
1.125710000000000044e-01 3.556804329999999764e-02 2.962639970000000011e-03
1.129110000000000114e-01 3.323542909999999823e-02 2.907226750000000207e-03
1.132499999999999896e-01 3.601528379999999890e-02 3.080553660000000162e-03
1.135900000000000104e-01 3.553487279999999193e-02 2.966345219999999994e-03
1.139300000000000035e-01 4.175980549999998986e-02 2.929723109999999957e-03
1.142689999999999956e-01 3.956346919999999268e-02 2.963712460000000187e-03
1.146090000000000164e-01 3.667326780000000619e-02 2.998091779999999956e-03
1.149479999999999946e-01 3.365605250000000548e-02 2.947749649999999947e-03
1.152880000000000155e-01 3.199205660000000589e-02 2.906133359999999843e-03
1.156279999999999947e-01 3.518445720000000498e-02 2.818525589999999921e-03
1.159669999999999868e-01 3.214700910000000550e-02 2.833897829999999871e-03
1.163069999999999937e-01 3.000543179999999588e-02 2.678235079999999844e-03
1.166460000000000136e-01 2.959587590000000573e-02 2.804191890000000062e-03
1.169860000000000066e-01 3.543527560000000326e-02 2.817073059999999993e-03
1.173249999999999849e-01 3.218850839999999602e-02 2.766782470000000039e-03
1.176650000000000057e-01 3.088189119999999385e-02 2.770426900000000185e-03
1.180049999999999988e-01 2.951110710000000650e-02 2.745432510000000038e-03
1.183439999999999909e-01 3.092963799999999888e-02 2.875206500000000113e-03
1.186839999999999978e-01 3.127925790000000983e-02 2.719239310000000093e-03
1.190229999999999899e-01 3.183703549999999244e-02 2.776786849999999911e-03
1.193629999999999969e-01 2.929435529999999469e-02 2.702244400000000050e-03
1.197030000000000038e-01 3.029998029999999426e-02 2.684477739999999862e-03
1.200419999999999821e-01 2.654982709999999593e-02 2.720053479999999871e-03
1.203820000000000029e-01 2.124455449999999510e-02 2.503315129999999795e-03
1.207210000000000089e-01 3.237677960000000243e-02 2.749774779999999887e-03
1.210610000000000019e-01 2.625397549999999858e-02 2.662120149999999859e-03
1.213999999999999801e-01 3.373174629999999008e-02 2.688666599999999917e-03
1.217399999999999871e-01 2.441764819999999239e-02 2.494925549999999805e-03
1.220799999999999802e-01 2.959023579999999973e-02 2.617353279999999963e-03
1.224190000000000139e-01 2.650816869999999409e-02 2.653302550000000148e-03
1.227590000000000070e-01 2.594895340000000564e-02 2.651950469999999997e-03
1.230979999999999852e-01 2.579927099999999515e-02 2.606080040000000042e-03
1.234380000000000061e-01 2.595017439999999787e-02 2.577839619999999863e-03
1.237779999999999991e-01 2.493170929999999688e-02 2.447172589999999873e-03
1.241170000000000051e-01 2.184507820000000308e-02 2.468665399999999798e-03
1.244570000000000121e-01 2.022025389999999520e-02 2.476911479999999860e-03
1.247959999999999903e-01 2.616025830000000621e-02 2.435106130000000164e-03
1.251359999999999972e-01 2.927412329999999271e-02 2.690354079999999950e-03
1.254750000000000032e-01 3.054343129999999989e-02 2.626244099999999835e-03
1.258150000000000102e-01 2.158479299999999795e-02 2.449275759999999889e-03
1.261549999999999894e-01 2.475485849999999738e-02 2.411141920000000119e-03
1.264939999999999953e-01 2.320674730000000380e-02 2.472344489999999794e-03
1.268339999999999745e-01 2.326388340000000443e-02 2.604474150000000120e-03
1.271730000000000083e-01 1.942691810000000269e-02 2.516199849999999853e-03
1.275129999999999875e-01 1.961818079999999576e-02 2.447903129999999886e-03
1.278529999999999944e-01 2.001351349999999987e-02 2.465955130000000058e-03
1.281920000000000004e-01 1.589649439999999900e-02 2.393540469999999847e-03
1.285320000000000074e-01 2.520865610000000076e-02 2.455487780000000040e-03
1.288710000000000411e-01 2.285236280000000134e-02 2.470421769999999947e-03
1.292109999999999925e-01 2.358180500000000429e-02 2.422344590000000131e-03
1.295499999999999985e-01 2.299220269999999525e-02 2.368062050000000005e-03
1.298900000000000055e-01 2.050070179999999992e-02 2.343946459999999860e-03
1.302300000000000124e-01 1.922407470000000312e-02 2.351716260000000051e-03
1.305689999999999629e-01 2.116579959999999663e-02 2.264714149999999971e-03
1.309089999999999976e-01 2.167488429999999550e-02 2.399222710000000099e-03
1.312480000000000036e-01 2.017315150000000348e-02 2.363369289999999855e-03
1.315879999999999828e-01 1.843472330000000409e-02 2.212267449999999903e-03
1.319269999999999887e-01 2.017550029999999606e-02 2.364790900000000168e-03
1.322670000000000234e-01 2.152256749999999566e-02 2.331905139999999876e-03
1.326070000000000026e-01 1.604602609999999929e-02 2.277379600000000153e-03
1.329460000000000086e-01 1.715921629999999851e-02 2.265810679999999931e-03
1.332859999999999878e-01 1.608738250000000050e-02 2.348917189999999953e-03
1.336249999999999938e-01 2.247970199999999724e-02 2.363812209999999886e-03
1.339650000000000285e-01 1.941443760000000421e-02 2.351400559999999949e-03
1.343050000000000077e-01 1.866260219999999609e-02 2.352108800000000163e-03
1.346440000000000137e-01 1.850502159999999757e-02 2.219672690000000070e-03
1.349839999999999929e-01 1.816169570000000441e-02 2.272621450000000213e-03
1.353229999999999988e-01 1.914422090000000160e-02 2.318388319999999808e-03
1.356630000000000058e-01 2.131263309999999189e-02 2.292678969999999844e-03
1.360020000000000395e-01 1.931390610000000355e-02 2.371002130000000006e-03
1.363419999999999632e-01 1.694270799999999730e-02 2.265477399999999818e-03
1.366819999999999979e-01 1.793704889999999871e-02 2.262952749999999971e-03
1.370210000000000039e-01 1.923302770000000217e-02 2.475651120000000108e-03
1.373610000000000109e-01 2.007545570000000487e-02 2.332092740000000098e-03
1.376999999999999891e-01 1.582888909999999663e-02 2.388128780000000131e-03
1.380399999999999683e-01 1.870236109999999854e-02 2.281073580000000066e-03
1.383800000000000030e-01 1.745108080000000103e-02 2.282092949999999995e-03
1.387190000000000367e-01 1.566584799999999958e-02 2.278056230000000040e-03
1.390589999999999882e-01 1.706878510000000432e-02 2.238510349999999881e-03
1.393979999999999664e-01 1.411271989999999567e-02 2.231995450000000009e-03
1.397380000000000289e-01 1.498073179999999567e-02 2.311308499999999936e-03
1.400770000000000071e-01 1.227435460000000228e-02 2.273317099999999993e-03
1.404169999999999585e-01 1.387510869999999778e-02 2.301188970000000045e-03
1.407570000000000210e-01 1.834743960000000118e-02 2.393597769999999871e-03
1.410959999999999992e-01 1.342914470000000117e-02 2.339769990000000171e-03
