2.801999999999999370e-03 4.311878909999998086e+02 1.311501359999999927e+01
2.970999999999998815e-03 3.287226590000000783e+02 9.146415510000000637e+00
3.141000000000000996e-03 2.593611660000000825e+02 6.985609990000000380e+00
3.311000000000000575e-03 2.178234140000000991e+02 5.294471009999999644e+00
3.481000000000000587e-03 1.725203769999999110e+02 4.565153709999999698e+00
3.650999999999999732e-03 1.446912460000000067e+02 4.019247219999999565e+00
3.820000000000001346e-03 1.295547690000000216e+02 3.532290310000000044e+00
3.990000000000001358e-03 1.182296359999999709e+02 3.306043419999999955e+00
4.160000000000000503e-03 1.046044919999999934e+02 2.945689999999999920e+00
4.330000000000001383e-03 9.514487219999998047e+01 2.851156050000000164e+00
4.498999999999999527e-03 9.138468829999997922e+01 2.685889469999999779e+00
4.668999999999997805e-03 8.172523899999998775e+01 2.500560769999999877e+00
4.839000000000002154e-03 8.091815119999998274e+01 2.433243829999999885e+00
5.009000000000003033e-03 7.255715639999998245e+01 2.242492400000000163e+00
5.178999999999999576e-03 6.359943129999998490e+01 2.145643290000000203e+00
5.347999999999998588e-03 6.791754220000001396e+01 2.075119180000000174e+00
5.518000000000000335e-03 6.534399390000000096e+01 1.992749679999999968e+00
5.688000000000000347e-03 5.655693079999999640e+01 1.884857439999999995e+00
5.858000000000001227e-03 5.933311489999999111e+01 1.896934389999999970e+00
6.027999999999998637e-03 5.988167000000001394e+01 1.872175160000000060e+00
6.197000000000001119e-03 5.435422230000001065e+01 1.684563830000000095e+00
6.367000000000001998e-03 5.544128280000001752e+01 1.736060600000000065e+00
6.536999999999999408e-03 5.454793389999999675e+01 1.696049120000000077e+00
6.707000000000002023e-03 5.204775140000000277e+01 1.632015020000000094e+00
6.877000000000001168e-03 5.164965950000000561e+01 1.604804660000000105e+00
7.045999999999998445e-03 5.250440299999999638e+01 1.570049170000000105e+00
7.216000000000001059e-03 5.087482779999999138e+01 1.581025990000000103e+00
7.386000000000001071e-03 5.204376000000001312e+01 1.537863549999999968e+00
7.556000000000001084e-03 5.325282350000000520e+01 1.548521150000000013e+00
7.726000000000001096e-03 5.507441769999998371e+01 1.544538170000000044e+00
7.895000000000002710e-03 5.023045049999999634e+01 1.471011719999999912e+00
8.064999999999999253e-03 5.185823229999998318e+01 1.528469639999999963e+00
8.235000000000002734e-03 5.439414659999999913e+01 1.469870809999999972e+00
8.404999999999997543e-03 5.479069769999998840e+01 1.471501750000000053e+00
8.574000000000000024e-03 5.457982069999999197e+01 1.454382309999999956e+00
8.743999999999996567e-03 5.762679229999999109e+01 1.514889589999999897e+00
8.913999999999996579e-03 5.403724100000000163e+01 1.451707510000000090e+00
9.083999999999996591e-03 5.739899280000000203e+01 1.426926059999999996e+00
9.254000000000001808e-03 5.923096329999998488e+01 1.499940150000000028e+00
9.422999999999995616e-03 6.063370609999999772e+01 1.448159779999999897e+00
9.593000000000002567e-03 6.032123529999999079e+01 1.476147649999999922e+00
9.762999999999997375e-03 6.328197750000001065e+01 1.467654769999999997e+00
9.933000000000006061e-03 6.341728739999999220e+01 1.459262749999999942e+00
1.010299999999999913e-02 6.680339059999998597e+01 1.526733219999999891e+00
1.027200000000000162e-02 6.927967909999999563e+01 1.487205850000000051e+00
1.044200000000000163e-02 7.061875650000001770e+01 1.525611880000000031e+00
1.061200000000000164e-02 7.702955429999998671e+01 1.534219929999999898e+00
1.078200000000000165e-02 7.872965769999998997e+01 1.570472599999999996e+00
1.095199999999999819e-02 7.969861910000000194e+01 1.600411250000000063e+00
1.112099999999999894e-02 8.701563820000001215e+01 1.592168280000000102e+00
1.129099999999999722e-02 9.167093739999998547e+01 1.662002680000000066e+00
1.146100000000000070e-02 9.867413899999998250e+01 1.693724629999999953e+00
1.163100000000000071e-02 1.015665049999999638e+02 1.725987670000000085e+00
1.180000000000000319e-02 1.067081649999999513e+02 1.751345919999999889e+00
1.197000000000000321e-02 1.116231040000000405e+02 1.735358540000000005e+00
1.213999999999999801e-02 1.144648859999999644e+02 1.802916839999999965e+00
1.231000000000000150e-02 1.201527459999999650e+02 1.813806070000000048e+00
1.247999999999999977e-02 1.219007000000000147e+02 1.811359659999999927e+00
1.264899999999999879e-02 1.218670829999999654e+02 1.796962589999999915e+00
1.281900000000000400e-02 1.237836410000000171e+02 1.783556769999999903e+00
1.298900000000000055e-02 1.248351670000000411e+02 1.832664690000000096e+00
1.315900000000000056e-02 1.283235279999999818e+02 1.789538000000000073e+00
1.332899999999999884e-02 1.277487960000000555e+02 1.803136410000000023e+00
1.349799999999999785e-02 1.235640889999999672e+02 1.736454390000000014e+00
1.366800000000000133e-02 1.216327779999999592e+02 1.735667759999999893e+00
1.383799999999999614e-02 1.169281500000000591e+02 1.715574450000000084e+00
1.400799999999999788e-02 1.109406129999999422e+02 1.600949809999999918e+00
1.417800000000000137e-02 1.030034990000000334e+02 1.563219149999999891e+00
1.434700000000000038e-02 9.788480519999997398e+01 1.514330420000000066e+00
1.451699999999999866e-02 9.041049230000001558e+01 1.455715880000000073e+00
1.468699999999999867e-02 8.309957699999998226e+01 1.385254549999999973e+00
1.485699999999999868e-02 7.665816240000000903e+01 1.291296750000000104e+00
1.502699999999999869e-02 7.194030270000000371e+01 1.280079710000000093e+00
1.519600000000000291e-02 6.773175770000000284e+01 1.226908679999999974e+00
1.536599999999999772e-02 6.141712369999999055e+01 1.167804360000000097e+00
1.553600000000000293e-02 5.765859519999999350e+01 1.106138040000000045e+00
1.570599999999999774e-02 5.229713679999999698e+01 1.052121880000000065e+00
1.587500000000000022e-02 4.703486949999999212e+01 1.013066290000000036e+00
1.604500000000000023e-02 4.557220039999999983e+01 9.737023000000000206e-01
1.621499999999999678e-02 4.170701699999999335e+01 9.332198569999999860e-01
1.638499999999999679e-02 3.814861710000000272e+01 8.765830169999999644e-01
1.655500000000000027e-02 3.667937570000000846e+01 8.685908580000000212e-01
1.672399999999999581e-02 3.327102659999999901e+01 8.272496809999999590e-01
1.689400000000000276e-02 3.121910689999999278e+01 7.795422140000000111e-01
1.706399999999999931e-02 3.025493409999999983e+01 7.751988589999999624e-01
1.723399999999999932e-02 2.896399220000000341e+01 7.552359749999999483e-01
1.740399999999999933e-02 2.603470719999999616e+01 7.476918940000000235e-01
1.757299999999999487e-02 2.494866550000000061e+01 7.131379180000000373e-01
1.774299999999999836e-02 2.277463159999999931e+01 6.833139059999999709e-01
1.791300000000000184e-02 2.250498239999999583e+01 6.920984019999999459e-01
1.808299999999999838e-02 2.235420520000000266e+01 6.742623020000000356e-01
1.825300000000000186e-02 2.134678059999999888e+01 6.728337730000000239e-01
1.842200000000000087e-02 2.008270419999999490e+01 6.377757160000000480e-01
1.859200000000000089e-02 1.896302779999999899e+01 6.317405409999999888e-01
1.876199999999999743e-02 1.799876599999999627e+01 6.247149800000000308e-01
1.893200000000000438e-02 1.816275239999999869e+01 6.021909300000000131e-01
1.910200000000000092e-02 1.756475710000000134e+01 6.084243350000000383e-01
1.927099999999999647e-02 1.794939740000000228e+01 6.049085600000000396e-01
1.944099999999999648e-02 1.707154969999999850e+01 5.981598399999999982e-01
1.961099999999999649e-02 1.618273400000000350e+01 5.867869020000000546e-01
1.978099999999999997e-02 1.591692420000000041e+01 5.638685869999999767e-01
1.994999999999999551e-02 1.640388639999999754e+01 5.797785890000000109e-01
2.012000000000000247e-02 1.589460290000000242e+01 5.637793210000000554e-01
2.028999999999999901e-02 1.650779989999999842e+01 5.862531260000000133e-01
2.046000000000000249e-02 1.597356060000000255e+01 5.667118989999999634e-01
2.062999999999999903e-02 1.727623450000000105e+01 5.836314889999999478e-01
2.079900000000000151e-02 1.580024930000000438e+01 5.736419179999999729e-01
2.096900000000000153e-02 1.527894180000000368e+01 5.464453400000000016e-01
2.113899999999999807e-02 1.619030629999999960e+01 5.795478670000000498e-01
2.130899999999999461e-02 1.535180370000000316e+01 5.457212150000000372e-01
2.147900000000000156e-02 1.592502420000000107e+01 5.602868300000000135e-01
2.164800000000000058e-02 1.581391020000000047e+01 5.689880090000000168e-01
2.181800000000000406e-02 1.611870289999999883e+01 5.572113800000000339e-01
2.198799999999999713e-02 1.471502900000000125e+01 5.432135420000000492e-01
2.215800000000000061e-02 1.705565430000000404e+01 5.664501690000000034e-01
2.232799999999999715e-02 1.500750860000000309e+01 5.445833350000000017e-01
2.249699999999999617e-02 1.535000849999999950e+01 5.546288900000000410e-01
2.266700000000000312e-02 1.622250949999999747e+01 5.540008410000000216e-01
2.283699999999999619e-02 1.619766320000000093e+01 5.658064200000000321e-01
2.300699999999999967e-02 1.602004509999999726e+01 5.509262999999999799e-01
2.317699999999999622e-02 1.585030450000000357e+01 5.508730819999999584e-01
2.334599999999999870e-02 1.509612690000000335e+01 5.319347140000000307e-01
2.351599999999999871e-02 1.478455690000000189e+01 5.285888370000000336e-01
2.368599999999999872e-02 1.581393749999999621e+01 5.391402379999999939e-01
2.385599999999999873e-02 1.515065719999999772e+01 5.201691480000000256e-01
2.402500000000000122e-02 1.424199479999999696e+01 4.983973649999999811e-01
2.419499999999999776e-02 1.377898169999999922e+01 4.775912299999999777e-01
2.436500000000000124e-02 1.336407399999999690e+01 4.735600349999999903e-01
2.453499999999999778e-02 1.306196450000000020e+01 4.695860749999999917e-01
2.470500000000000126e-02 1.205847420000000092e+01 4.456061900000000131e-01
2.487399999999999334e-02 1.178453790000000012e+01 4.371671610000000263e-01
2.504400000000000376e-02 1.174077349999999953e+01 4.298191069999999780e-01
2.521400000000000724e-02 1.068441840000000198e+01 4.130982779999999854e-01
2.538400000000000725e-02 1.079585309999999865e+01 4.133068979999999781e-01
2.555400000000000726e-02 9.812617789999999118e+00 3.893804109999999818e-01
2.572300000000000281e-02 9.369179920000000550e+00 3.827062629999999910e-01
2.589300000000000282e-02 9.538531280000000834e+00 3.797132349999999823e-01
2.606299999999999936e-02 8.373679429999999257e+00 3.563902939999999964e-01
2.623300000000000284e-02 7.542588980000000554e+00 3.336531320000000189e-01
2.640300000000000286e-02 7.967582069999999739e+00 3.416768860000000130e-01
2.657199999999999493e-02 7.632973570000000763e+00 3.385994889999999757e-01
2.674199999999999841e-02 6.885682199999999753e+00 3.214559770000000039e-01
2.691200000000000189e-02 6.516452769999999006e+00 3.089127830000000241e-01
2.708200000000000190e-02 6.354602009999998913e+00 2.976240519999999723e-01
2.725100000000000092e-02 5.718362650000000436e+00 2.854460859999999878e-01
2.742100000000000093e-02 4.946472950000000424e+00 2.675663469999999822e-01
2.759099999999999400e-02 5.008563790000000182e+00 2.632992499999999847e-01
2.776100000000000789e-02 4.482615810000000423e+00 2.510062909999999925e-01
2.793100000000000097e-02 4.387607289999999161e+00 2.478332490000000055e-01
2.809999999999999304e-02 3.646609540000000038e+00 2.265808450000000029e-01
2.826999999999999652e-02 3.331156379999999473e+00 2.151023430000000014e-01
2.843999999999999653e-02 3.319148310000000102e+00 2.137292189999999981e-01
2.861000000000000001e-02 2.894711609999999880e+00 2.013527449999999996e-01
2.878000000000000350e-02 2.931787219999999916e+00 1.962601370000000012e-01
2.894899999999999904e-02 2.987768790000000063e+00 2.002704760000000028e-01
2.911899999999999905e-02 2.318833169999999999e+00 1.770659069999999946e-01
2.928900000000000253e-02 2.256716289999999958e+00 1.781811520000000093e-01
2.945899999999999561e-02 1.719868959999999891e+00 1.581973919999999922e-01
2.962899999999999562e-02 1.855511520000000081e+00 1.539934440000000071e-01
2.979800000000000504e-02 1.690067959999999925e+00 1.528883659999999978e-01
2.996799999999999811e-02 1.759227150000000073e+00 1.511028899999999897e-01
3.013800000000000159e-02 1.472405949999999963e+00 1.434126300000000132e-01
3.030800000000000161e-02 1.318957729999999939e+00 1.370846320000000118e-01
3.039300000000000335e-02 1.668337540000000008e+00 3.134113709999999942e-02
3.073199999999999890e-02 1.456814150000000030e+00 2.963020280000000159e-02
3.107199999999999199e-02 1.247868420000000089e+00 2.733939859999999847e-02
3.141100000000000142e-02 1.122648370000000062e+00 2.591872779999999932e-02
3.175100000000000838e-02 9.841869250000000457e-01 2.456299379999999852e-02
3.209000000000000741e-02 9.068657270000000103e-01 2.338996579999999895e-02
3.243000000000000049e-02 8.262734910000000266e-01 2.235504149999999884e-02
3.277000000000000052e-02 7.497521139999999695e-01 2.124920690000000126e-02
3.310900000000000648e-02 6.688711840000000075e-01 2.014020840000000159e-02
3.344899999999999957e-02 6.386277679999999846e-01 1.970415169999999855e-02
3.378799999999999165e-02 6.137581829999999572e-01 1.929450640000000133e-02
3.412799999999999861e-02 5.833566500000000321e-01 1.928896520000000087e-02
3.446800000000000558e-02 5.540974770000000049e-01 1.883128629999999970e-02
3.480699999999999766e-02 5.480688500000000518e-01 1.836628309999999847e-02
3.514700000000000463e-02 5.515764880000000314e-01 1.889702310000000024e-02
3.548599999999999671e-02 5.155813649999999582e-01 1.845355929999999839e-02
3.582599999999998980e-02 5.533561249999999765e-01 1.894363400000000086e-02
3.616500000000000270e-02 5.680304590000000431e-01 1.953645990000000068e-02
3.650500000000000966e-02 5.351792709999999564e-01 1.891361960000000064e-02
3.684500000000000275e-02 6.024928849999999780e-01 1.966955730000000124e-02
3.718400000000000177e-02 5.759812199999999605e-01 1.951620210000000119e-02
3.752400000000000180e-02 6.174250519999999742e-01 1.976048890000000127e-02
3.786300000000000776e-02 6.100254059999999923e-01 1.994921170000000035e-02
3.820300000000000779e-02 6.042764649999999849e-01 1.991077990000000159e-02
3.854300000000000781e-02 6.026539210000000368e-01 1.963273180000000076e-02
3.888199999999999990e-02 6.483607380000000475e-01 2.043109109999999978e-02
3.922199999999999992e-02 6.431995780000000495e-01 2.038875069999999956e-02
3.956099999999999201e-02 6.828620149999999889e-01 2.033564649999999863e-02
3.990099999999999203e-02 6.948851240000000207e-01 2.089488700000000088e-02
4.023999999999999105e-02 7.085777530000000324e-01 2.078868310000000011e-02
4.057999999999999802e-02 7.201769529999999531e-01 2.104450860000000104e-02
4.091999999999999110e-02 7.403280989999999617e-01 2.108023900000000062e-02
4.125900000000000400e-02 7.621843839999999926e-01 2.145966740000000011e-02
4.159900000000000403e-02 7.153263199999999600e-01 2.095727489999999957e-02
4.193800000000000305e-02 7.265858290000000164e-01 2.062761730000000140e-02
4.227800000000000308e-02 7.269543059999999945e-01 2.122983159999999869e-02
4.261799999999999616e-02 7.369069050000000010e-01 2.091895829999999845e-02
4.295699999999999519e-02 7.711929619999999819e-01 2.133778509999999934e-02
4.329700000000000909e-02 7.566802580000000500e-01 2.132412399999999986e-02
4.363599999999999424e-02 8.253969370000000527e-01 2.182402060000000060e-02
4.397599999999999426e-02 7.997499639999999799e-01 2.168981650000000039e-02
4.431499999999999329e-02 7.838740459999999910e-01 2.122152299999999908e-02
4.465500000000000025e-02 7.790461779999999781e-01 2.151992730000000173e-02
4.499500000000000721e-02 8.106270460000000178e-01 2.141626530000000084e-02
4.533399999999999236e-02 7.542759650000000482e-01 2.087866970000000141e-02
4.567399999999999932e-02 7.213419439999999572e-01 2.073318429999999879e-02
4.601299999999999141e-02 7.483401800000000215e-01 2.065975410000000026e-02
4.635299999999999143e-02 7.244972020000000068e-01 2.036270050000000068e-02
4.669200000000000433e-02 7.401011539999999833e-01 2.055686799999999897e-02
4.703200000000000436e-02 6.827205629999999470e-01 1.951701490000000080e-02
4.737200000000000438e-02 6.458712739999999952e-01 1.876962949999999922e-02
4.771100000000001035e-02 6.221696559999999598e-01 1.824826900000000099e-02
4.805099999999998955e-02 5.954286989999999502e-01 1.780530060000000067e-02
4.839000000000000246e-02 5.866434729999999709e-01 1.731632160000000017e-02
4.873000000000000942e-02 5.026195070000000209e-01 1.621959179999999875e-02
4.907000000000000250e-02 5.162780609999999548e-01 1.624374989999999991e-02
4.940900000000000847e-02 4.850515650000000178e-01 1.564910469999999942e-02
4.974900000000000155e-02 4.709799350000000162e-01 1.528259749999999993e-02
5.008800000000001446e-02 4.244873969999999885e-01 1.471341919999999935e-02
5.042799999999999366e-02 4.219925310000000040e-01 1.445955420000000040e-02
5.076700000000000657e-02 4.025766510000000076e-01 1.428874850000000016e-02
5.110700000000000659e-02 3.357702590000000153e-01 1.304881739999999915e-02
5.144699999999999968e-02 3.211247520000000133e-01 1.274389639999999949e-02
5.178599999999998482e-02 3.018340129999999566e-01 1.256842939999999915e-02
5.212600000000000566e-02 2.958619089999999230e-01 1.224945719999999925e-02
5.246499999999999775e-02 2.803139820000000171e-01 1.211572999999999990e-02
5.280499999999999083e-02 2.623073419999999989e-01 1.158629819999999928e-02
5.314499999999998392e-02 2.423569750000000300e-01 1.108368919999999994e-02
5.348400000000000376e-02 2.261679629999999996e-01 1.072728470000000080e-02
5.382399999999998991e-02 2.276382089999999803e-01 1.118055890000000004e-02
5.416300000000000281e-02 2.085045889999999624e-01 1.071611500000000002e-02
5.450300000000001671e-02 2.077978139999999696e-01 1.019199969999999913e-02
5.484200000000000880e-02 1.839274949999999964e-01 1.003197110000000024e-02
5.518199999999999494e-02 1.713636110000000268e-01 9.619590399999999181e-03
5.552199999999998803e-02 1.727281280000000085e-01 9.310301329999999542e-03
5.586100000000000093e-02 1.627612070000000188e-01 9.357636759999999471e-03
5.620099999999999402e-02 1.517828510000000242e-01 8.948150490000000845e-03
5.653999999999999998e-02 1.488286479999999801e-01 9.207894720000000047e-03
5.688000000000000000e-02 1.702391990000000077e-01 9.012680670000000269e-03
5.722000000000000697e-02 1.350354189999999899e-01 8.685112680000000793e-03
5.755899999999999211e-02 1.330558819999999864e-01 8.586467380000000621e-03
5.789899999999999214e-02 1.381154119999999930e-01 8.497902970000000347e-03
5.823800000000000504e-02 1.427982289999999987e-01 8.545622250000000850e-03
5.857800000000001200e-02 1.140615150000000022e-01 8.059247590000000530e-03
5.891699999999998327e-02 1.364243810000000112e-01 8.315800970000000389e-03
5.925699999999998330e-02 1.340493150000000300e-01 8.032321690000000097e-03
5.959700000000001108e-02 1.468768809999999592e-01 8.470516520000000507e-03
5.993600000000000316e-02 1.309539479999999867e-01 8.112914690000000428e-03
6.027600000000001013e-02 1.299719390000000085e-01 8.043181840000000055e-03
6.061500000000000915e-02 1.514313269999999767e-01 8.217087450000000459e-03
6.095499999999999530e-02 1.188461589999999929e-01 7.874035240000000491e-03
6.129400000000000126e-02 1.381559219999999866e-01 8.015587879999999318e-03
6.163399999999999435e-02 1.383543389999999929e-01 7.884128199999999864e-03
6.197400000000001519e-02 1.418028470000000096e-01 8.113457469999999991e-03
6.231300000000000727e-02 1.335144070000000016e-01 7.670550350000000274e-03
6.265299999999998648e-02 1.452451190000000059e-01 7.993453430000000207e-03
6.299200000000002020e-02 1.341189480000000156e-01 7.805084519999999984e-03
6.333200000000001328e-02 1.374222860000000324e-01 7.849533380000000768e-03
6.367200000000000637e-02 1.358199349999999750e-01 7.624943480000000162e-03
6.401099999999998458e-02 1.458930250000000095e-01 7.787032069999999875e-03
6.435100000000000542e-02 1.530593080000000050e-01 7.884626880000000435e-03
6.469000000000001138e-02 1.368026240000000393e-01 7.761112179999999847e-03
6.502999999999999059e-02 1.385608490000000137e-01 7.624315040000000272e-03
6.536899999999999655e-02 1.422820529999999917e-01 7.626201170000000175e-03
6.570900000000000352e-02 1.542472769999999604e-01 7.616586639999999887e-03
6.604899999999998272e-02 1.441753450000000103e-01 7.562068310000000411e-03
6.638799999999998869e-02 1.373909460000000138e-01 7.373385280000000278e-03
6.672799999999999565e-02 1.273056130000000119e-01 7.271394599999999805e-03
6.706699999999998774e-02 1.483274349999999797e-01 7.560237099999999634e-03
6.740699999999999470e-02 1.245145500000000016e-01 7.191220499999999641e-03
6.774700000000000166e-02 1.303547260000000318e-01 7.179991489999999928e-03
6.808600000000000763e-02 1.448132719999999929e-01 7.359666889999999864e-03
6.842600000000000071e-02 1.452121809999999957e-01 7.232516339999999974e-03
6.876500000000000667e-02 1.297690190000000132e-01 7.146168339999999994e-03
6.910499999999998588e-02 1.328402509999999925e-01 6.889735779999999615e-03
6.944400000000000572e-02 1.271070470000000008e-01 7.016974700000000280e-03
6.978399999999998493e-02 1.291597899999999965e-01 6.755515620000000256e-03
7.012399999999999189e-02 1.158628339999999840e-01 6.613786780000000323e-03
7.046299999999999786e-02 1.207415490000000174e-01 6.670761909999999711e-03
7.080300000000001870e-02 1.237900620000000063e-01 6.698430780000000362e-03
7.114199999999999691e-02 1.177824660000000023e-01 6.672478780000000269e-03
7.148199999999998999e-02 1.065524080000000151e-01 6.128626610000000030e-03
7.182200000000001083e-02 1.094965249999999835e-01 6.136389859999999939e-03
7.216100000000000292e-02 1.113626780000000205e-01 6.272063550000000001e-03
7.250099999999998213e-02 1.033904799999999929e-01 5.990637089999999686e-03
7.283999999999998809e-02 1.056980909999999940e-01 6.192248759999999588e-03
7.317999999999999505e-02 9.752606429999997883e-02 5.908761789999999667e-03
7.351899999999998714e-02 9.500094150000001902e-02 5.890670330000000177e-03
7.385899999999998022e-02 8.203004690000001431e-02 5.501244659999999717e-03
7.419899999999998719e-02 9.248745760000003091e-02 5.674803959999999599e-03
7.453799999999999315e-02 8.426540509999996820e-02 5.519737440000000231e-03
7.487800000000001399e-02 8.857564149999998249e-02 5.601183089999999670e-03
7.521699999999999220e-02 7.553679030000001737e-02 5.353308690000000043e-03
7.555699999999998528e-02 7.483275369999999038e-02 5.236987670000000164e-03
7.589700000000002000e-02 7.495932920000000776e-02 5.238447929999999995e-03
7.623599999999998433e-02 7.972894199999998321e-02 5.267150529999999574e-03
7.657599999999999130e-02 6.774206569999999261e-02 5.051694269999999591e-03
7.691500000000001114e-02 6.852982369999999213e-02 4.968557900000000055e-03
7.725500000000001810e-02 6.621597999999999373e-02 5.025981189999999786e-03
7.759400000000001019e-02 7.378547160000001326e-02 5.080351729999999996e-03
7.793400000000000327e-02 7.163062239999999636e-02 4.887353320000000119e-03
7.827400000000001024e-02 7.255449989999998572e-02 5.068983679999999881e-03
7.861300000000001620e-02 6.184659289999999005e-02 4.832121180000000134e-03
7.895300000000000928e-02 6.204404539999999052e-02 4.624200670000000110e-03
7.929200000000001525e-02 5.746599790000000291e-02 4.661021119999999955e-03
7.963199999999999446e-02 5.387718950000000562e-02 4.700020919999999859e-03
7.997099999999998654e-02 6.000794059999999680e-02 4.631342689999999943e-03
8.031100000000000738e-02 4.684690229999999289e-02 4.451671889999999840e-03
8.065100000000000047e-02 6.320355049999999697e-02 4.651249320000000118e-03
8.099000000000000643e-02 5.959182929999999601e-02 4.672063300000000273e-03
8.133000000000001339e-02 5.103719209999999645e-02 4.346834899999999814e-03
8.166899999999999160e-02 5.129998540000000468e-02 4.363515360000000398e-03
8.200899999999998469e-02 5.684628280000000172e-02 4.724601900000000021e-03
8.234900000000001941e-02 5.937361640000000940e-02 4.473370140000000258e-03
8.268799999999998374e-02 5.536939980000001038e-02 4.269934969999999996e-03
8.302800000000001845e-02 5.161837729999999014e-02 4.309502070000000365e-03
8.336699999999999666e-02 5.120524739999999381e-02 4.502881749999999850e-03
8.370699999999998975e-02 5.409627709999998563e-02 4.197699029999999928e-03
8.404600000000000959e-02 5.094744489999999959e-02 4.186078600000000399e-03
8.438599999999998880e-02 4.985196509999999248e-02 4.253636820000000068e-03
8.472599999999999576e-02 4.800439050000000069e-02 4.169720140000000332e-03
8.506500000000001560e-02 5.822629559999999149e-02 4.272338789999999970e-03
8.540500000000000869e-02 4.770866950000000883e-02 4.327216929999999802e-03
8.574400000000001465e-02 5.669968669999998767e-02 4.242869500000000411e-03
8.608400000000000774e-02 4.796313779999999971e-02 4.088392080000000268e-03
8.642399999999998694e-02 5.098663999999999280e-02 4.114410990000000150e-03
8.676300000000002066e-02 5.288277710000001408e-02 4.095939179999999978e-03
8.710299999999999987e-02 4.850821470000001717e-02 4.093501379999999606e-03
8.744200000000001971e-02 5.592707220000000395e-02 4.215503760000000218e-03
8.778199999999999892e-02 5.211445059999999380e-02 3.886918469999999914e-03
8.812100000000001876e-02 5.727254569999998962e-02 4.257629899999999627e-03
8.846099999999999797e-02 4.994746000000000602e-02 3.950622249999999856e-03
8.880100000000000493e-02 5.780296190000000500e-02 4.031356110000000256e-03
8.914000000000001089e-02 4.901604150000000298e-02 3.943410090000000132e-03
8.948000000000001786e-02 5.849673529999998428e-02 4.218695280000000353e-03
8.981900000000000994e-02 5.161705110000000540e-02 4.093156209999999733e-03
9.015899999999998915e-02 5.111594929999999093e-02 4.005762240000000293e-03
9.049899999999998224e-02 5.588123610000000907e-02 4.053312939999999601e-03
9.083800000000001595e-02 4.150041539999999030e-02 3.660783080000000033e-03
9.117799999999999516e-02 4.613420530000000158e-02 3.829142340000000165e-03
9.151700000000000113e-02 5.091600639999999123e-02 3.978262710000000403e-03
9.185699999999998033e-02 5.016136370000000289e-02 3.834312570000000201e-03
9.219599999999998630e-02 4.121611989999999365e-02 3.699661419999999978e-03
9.253599999999997938e-02 4.088375079999999329e-02 3.598606219999999842e-03
9.287600000000000022e-02 4.187886229999999987e-02 3.602796919999999917e-03
9.321500000000000619e-02 4.445341069999999423e-02 3.645830120000000032e-03
9.355500000000001315e-02 4.352045280000000488e-02 3.660734430000000140e-03
9.389399999999999136e-02 3.513884370000000534e-02 3.661365199999999827e-03
9.423399999999999832e-02 4.365093569999999729e-02 3.698159800000000181e-03
9.457400000000000528e-02 3.892703230000000431e-02 3.518341329999999899e-03
9.491299999999998349e-02 3.986159860000000610e-02 3.596540789999999946e-03
9.525300000000000433e-02 4.384474679999999375e-02 3.641222099999999982e-03
9.559199999999998254e-02 4.370218170000000901e-02 3.640800080000000140e-03
9.593200000000001726e-02 3.826438489999999665e-02 3.557056270000000069e-03
9.627099999999999547e-02 3.634930189999999867e-02 3.636473629999999960e-03
9.661100000000000243e-02 4.177164370000001348e-02 3.476919389999999933e-03
9.695099999999998164e-02 4.575012680000000581e-02 3.550563440000000046e-03
9.728999999999997372e-02 3.870204359999999955e-02 3.456992859999999911e-03
9.762999999999996681e-02 3.644566369999999167e-02 3.421745380000000124e-03
9.796899999999998665e-02 3.412908259999999916e-02 3.274547290000000190e-03
9.830899999999997974e-02 3.079829819999999746e-02 3.222414380000000050e-03
9.864799999999999958e-02 3.459108159999999682e-02 3.305565730000000011e-03
9.898800000000000654e-02 3.112602760000000510e-02 3.280221380000000048e-03
9.932800000000001350e-02 3.064300149999999931e-02 3.178857770000000169e-03
9.966700000000000559e-02 2.518729560000000298e-02 3.150030439999999821e-03
1.000069999999999848e-01 3.331947810000000093e-02 3.196168939999999813e-03
1.003460000000000046e-01 3.091629239999999293e-02 3.196064670000000121e-03
1.006859999999999977e-01 3.661037690000000511e-02 3.211020430000000210e-03
1.010260000000000047e-01 2.977411950000000834e-02 3.213275079999999926e-03
1.013649999999999968e-01 2.925003849999999531e-02 3.151522209999999945e-03
1.017050000000000037e-01 2.907148749999999629e-02 3.104153860000000154e-03
1.020439999999999958e-01 2.382136099999999923e-02 3.072632679999999939e-03
1.023839999999999889e-01 3.469140390000000074e-02 3.228275889999999981e-03
1.027229999999999949e-01 2.803988699999999598e-02 3.047641109999999799e-03
1.030630000000000018e-01 2.723402769999999640e-02 3.029034260000000155e-03
1.034029999999999810e-01 3.474410320000000107e-02 3.097870449999999901e-03
1.037420000000000148e-01 2.502146779999999890e-02 2.976693250000000176e-03
1.040819999999999940e-01 2.681083570000000402e-02 3.011629559999999973e-03
1.044209999999999861e-01 2.600757520000000420e-02 2.928348089999999963e-03
1.047610000000000069e-01 2.979765059999999605e-02 3.036022800000000039e-03
1.051010000000000000e-01 2.920040939999999502e-02 3.024731249999999989e-03
1.054400000000000059e-01 3.024818039999999444e-02 2.993512570000000147e-03
1.057799999999999851e-01 2.907380310000000356e-02 3.096589869999999845e-03
1.061190000000000050e-01 3.029841250000000694e-02 3.052680360000000186e-03
1.064590000000000120e-01 3.002547890000000289e-02 2.931976489999999977e-03
1.067979999999999902e-01 2.069441090000000150e-02 3.021973199999999915e-03
1.071379999999999971e-01 2.242408920000000389e-02 2.984010950000000155e-03
1.074780000000000041e-01 2.325759539999999737e-02 2.866754410000000100e-03
1.078169999999999962e-01 2.566098489999999940e-02 2.998649239999999841e-03
1.081570000000000170e-01 2.772887139999999709e-02 2.982365590000000087e-03
1.084959999999999952e-01 2.510650619999999986e-02 2.853018090000000208e-03
1.088359999999999883e-01 2.745503860000000559e-02 2.887034369999999951e-03
1.091760000000000091e-01 2.725350190000000450e-02 2.905930619999999836e-03
1.095150000000000151e-01 2.668242029999999196e-02 2.935028350000000018e-03
1.098549999999999804e-01 2.281822049999999644e-02 2.676620690000000059e-03
1.101939999999999864e-01 2.692721860000000383e-02 2.795120759999999895e-03
1.105339999999999934e-01 2.422710210000000516e-02 2.815284830000000082e-03
1.108729999999999855e-01 2.089755040000000272e-02 2.808639190000000035e-03
1.112130000000000063e-01 2.363240070000000026e-02 2.665046360000000204e-03
1.115529999999999994e-01 2.154158429999999957e-02 2.682276260000000193e-03
1.118920000000000053e-01 2.110100910000000177e-02 2.759853100000000080e-03
1.122320000000000123e-01 2.413406369999999274e-02 2.854684970000000155e-03
1.125710000000000044e-01 2.661284559999999716e-02 2.843633429999999941e-03
1.129110000000000114e-01 1.822403119999999738e-02 2.601069860000000157e-03
1.132499999999999896e-01 2.000415119999999700e-02 2.782152390000000152e-03
1.135900000000000104e-01 2.483096130000000262e-02 2.800514720000000200e-03
1.139300000000000035e-01 2.212813350000000442e-02 2.507026180000000021e-03
1.142689999999999956e-01 2.378945619999999622e-02 2.656008999999999974e-03
1.146090000000000164e-01 1.966856830000000486e-02 2.663076459999999795e-03
1.149479999999999946e-01 2.105793909999999908e-02 2.729144210000000216e-03
1.152880000000000155e-01 2.188473789999999947e-02 2.748357690000000162e-03
1.156279999999999947e-01 2.028801029999999575e-02 2.517554090000000046e-03
1.159669999999999868e-01 2.209408579999999622e-02 2.670708349999999839e-03
1.163069999999999937e-01 2.375720749999999867e-02 2.610150060000000077e-03
1.166460000000000136e-01 2.270926950000000041e-02 2.728145649999999967e-03
1.169860000000000066e-01 2.402408939999999687e-02 2.619396300000000066e-03
1.173249999999999849e-01 2.057694230000000138e-02 2.555899380000000148e-03
1.176650000000000057e-01 2.110043380000000204e-02 2.610882379999999916e-03
1.180049999999999988e-01 1.912914619999999538e-02 2.565856809999999839e-03
1.183439999999999909e-01 2.183050840000000381e-02 2.747983560000000214e-03
1.186839999999999978e-01 1.935416740000000038e-02 2.493747939999999864e-03
1.190229999999999899e-01 2.010603409999999619e-02 2.566077329999999924e-03
1.193629999999999969e-01 1.746652170000000115e-02 2.476012359999999954e-03
1.197030000000000038e-01 2.106643140000000192e-02 2.536047559999999972e-03
1.200419999999999821e-01 1.820414039999999553e-02 2.593554840000000198e-03
1.203820000000000029e-01 1.702876379999999565e-02 2.474926550000000093e-03
1.207210000000000089e-01 2.003654919999999645e-02 2.523892270000000024e-03
1.210610000000000019e-01 1.611393640000000418e-02 2.479271089999999979e-03
1.213999999999999801e-01 1.824596430000000047e-02 2.360966840000000046e-03
1.217399999999999871e-01 1.606467750000000264e-02 2.343605830000000060e-03
1.220799999999999802e-01 1.790575919999999946e-02 2.393512249999999852e-03
1.224190000000000139e-01 1.541048099999999671e-02 2.444378970000000116e-03
1.227590000000000070e-01 1.364510759999999767e-02 2.406897839999999969e-03
1.230979999999999852e-01 1.436428400000000147e-02 2.382475599999999989e-03
1.234380000000000061e-01 1.597015270000000375e-02 2.393840830000000097e-03
1.237779999999999991e-01 1.957744620000000102e-02 2.389234669999999987e-03
1.241170000000000051e-01 2.132740509999999853e-02 2.547721470000000044e-03
1.244570000000000121e-01 1.675706739999999889e-02 2.469812809999999848e-03
1.247959999999999903e-01 2.079749139999999968e-02 2.378382889999999979e-03
1.251359999999999972e-01 1.416108140000000085e-02 2.380436210000000125e-03
1.254750000000000032e-01 1.761054249999999960e-02 2.373848019999999937e-03
1.258150000000000102e-01 1.707160090000000088e-02 2.412651999999999939e-03
1.261549999999999894e-01 1.567327389999999612e-02 2.239108870000000064e-03
1.264939999999999953e-01 1.458967179999999704e-02 2.318627079999999868e-03
1.268339999999999745e-01 1.054535949999999868e-02 2.346671639999999871e-03
1.271730000000000083e-01 1.443505879999999915e-02 2.468643830000000119e-03
1.275129999999999875e-01 1.207625099999999618e-02 2.319923059999999971e-03
1.278529999999999944e-01 1.294481010000000064e-02 2.357779840000000064e-03
1.281920000000000004e-01 1.285491690000000083e-02 2.389943450000000212e-03
1.285320000000000074e-01 1.575764729999999669e-02 2.281766929999999929e-03
1.288710000000000411e-01 1.311991130000000200e-02 2.287486520000000124e-03
1.292109999999999925e-01 1.385861489999999641e-02 2.233891410000000098e-03
1.295499999999999985e-01 1.559445519999999585e-02 2.245006160000000139e-03
1.298900000000000055e-01 1.416609450000000207e-02 2.247108460000000162e-03
1.302300000000000124e-01 1.117975579999999809e-02 2.202561400000000152e-03
1.305689999999999629e-01 1.406392440000000035e-02 2.137826900000000096e-03
1.309089999999999976e-01 1.180662919999999998e-02 2.204483599999999908e-03
1.312480000000000036e-01 8.818226450000000993e-03 2.115509959999999860e-03
1.315879999999999828e-01 1.055237649999999847e-02 2.050098269999999986e-03
1.319269999999999887e-01 1.192202689999999864e-02 2.216265380000000031e-03
1.322670000000000234e-01 1.332518660000000209e-02 2.180615219999999885e-03
1.326070000000000026e-01 1.382817560000000091e-02 2.294525070000000104e-03
1.329460000000000086e-01 1.158062089999999794e-02 2.183164510000000155e-03
1.332859999999999878e-01 8.729830300000003193e-03 2.219578299999999931e-03
1.336249999999999938e-01 1.315896400000000389e-02 2.188971819999999818e-03
1.339650000000000285e-01 1.138274369999999966e-02 2.207799490000000083e-03
1.343050000000000077e-01 1.034530950000000192e-02 2.200529709999999878e-03
1.346440000000000137e-01 1.217221490000000225e-02 2.113681010000000027e-03
1.349839999999999929e-01 1.117878159999999808e-02 2.152499469999999849e-03
1.353229999999999988e-01 1.178503340000000392e-02 2.190297380000000120e-03
1.356630000000000058e-01 1.362517480000000059e-02 2.151248560000000067e-03
1.360020000000000395e-01 9.662656280000000986e-03 2.177789329999999836e-03
1.363419999999999632e-01 1.136925010000000048e-02 2.179744869999999946e-03
1.366819999999999979e-01 1.548443149999999616e-02 2.274156939999999981e-03
1.370210000000000039e-01 7.079009330000000239e-03 2.216101299999999937e-03
1.373610000000000109e-01 1.109876830000000245e-02 2.149951379999999988e-03
1.376999999999999891e-01 8.505511219999997707e-03 2.258702080000000133e-03
1.380399999999999683e-01 1.182828940000000065e-02 2.155464069999999885e-03
1.383800000000000030e-01 9.854454499999998340e-03 2.133754270000000081e-03
1.387190000000000367e-01 9.780270920000002158e-03 2.179696640000000109e-03
1.390589999999999882e-01 1.252252419999999762e-02 2.180989109999999925e-03
1.393979999999999664e-01 7.117500059999998588e-03 2.090249389999999929e-03
1.397380000000000289e-01 7.865006429999999923e-03 2.172246059999999833e-03
1.400770000000000071e-01 8.577082899999996166e-03 2.235017910000000000e-03
1.404169999999999585e-01 6.952769789999999582e-03 2.161778489999999827e-03
1.407570000000000210e-01 4.963023869999999560e-03 2.054553209999999790e-03
1.410959999999999992e-01 7.978122749999998556e-03 2.250437520000000188e-03
