3.141000000000000996e-03 1.205968040000000201e+03 1.283032290000000053e+01
3.311000000000000575e-03 1.058902509999999666e+03 1.053584829999999961e+01
3.481000000000000587e-03 9.004392489999999043e+02 9.906082530000000830e+00
3.650999999999999732e-03 8.271797929999999042e+02 9.287253120000000806e+00
3.820000000000001346e-03 7.323355969999998933e+02 8.315205170000000479e+00
3.990000000000001358e-03 6.588002880000001369e+02 7.769277330000000426e+00
4.160000000000000503e-03 5.936216400000000704e+02 6.997515810000000336e+00
4.330000000000001383e-03 5.578178849999999329e+02 6.905881449999999866e+00
4.498999999999999527e-03 5.210782130000002326e+02 6.493964799999999649e+00
4.668999999999997805e-03 4.770016379999999572e+02 6.046262740000000413e+00
4.839000000000002154e-03 4.284476549999999975e+02 5.657033239999999630e+00
5.009000000000003033e-03 4.104169619999999554e+02 5.362796010000000280e+00
5.178999999999999576e-03 3.816707329999998706e+02 5.282646340000000329e+00
5.347999999999998588e-03 3.497859209999998029e+02 4.753272980000000203e+00
5.518000000000000335e-03 3.402350060000001690e+02 4.632472459999999792e+00
5.688000000000000347e-03 3.157576850000000377e+02 4.510648220000000208e+00
5.858000000000001227e-03 3.012444639999999936e+02 4.341806690000000302e+00
6.027999999999998637e-03 2.740427570000001083e+02 4.081916389999999950e+00
6.197000000000001119e-03 2.636830129999999599e+02 3.795813550000000092e+00
6.367000000000001998e-03 2.502211829999999964e+02 3.763636840000000205e+00
6.536999999999999408e-03 2.353412600000000339e+02 3.602450820000000054e+00
6.707000000000002023e-03 2.284063819999999794e+02 3.497682600000000086e+00
6.877000000000001168e-03 2.123944669999999917e+02 3.332299910000000143e+00
7.045999999999998445e-03 2.058202759999999216e+02 3.186461770000000193e+00
7.216000000000001059e-03 1.937431160000000148e+02 3.154094689999999979e+00
7.386000000000001071e-03 1.854363579999999843e+02 2.979599599999999793e+00
7.556000000000001084e-03 1.792420620000000042e+02 2.910878139999999892e+00
7.726000000000001096e-03 1.727582430000000215e+02 2.806885970000000174e+00
7.895000000000002710e-03 1.580966339999999661e+02 2.670216690000000170e+00
8.064999999999999253e-03 1.574256240000000275e+02 2.728868750000000176e+00
8.235000000000002734e-03 1.509406980000000260e+02 2.513667770000000079e+00
8.404999999999997543e-03 1.467557760000000542e+02 2.476470609999999795e+00
8.574000000000000024e-03 1.402698940000000221e+02 2.395938479999999871e+00
8.743999999999996567e-03 1.368361280000000022e+02 2.397657940000000210e+00
8.913999999999996579e-03 1.329306880000000035e+02 2.339886260000000107e+00
9.083999999999996591e-03 1.219231319999999954e+02 2.140911159999999924e+00
9.254000000000001808e-03 1.211037559999999473e+02 2.204129280000000080e+00
9.422999999999995616e-03 1.150763950000000619e+02 2.051200510000000143e+00
9.593000000000002567e-03 1.141887550000000147e+02 2.090517440000000171e+00
9.762999999999997375e-03 1.057580639999999761e+02 1.952249990000000102e+00
9.933000000000006061e-03 1.066053119999999410e+02 1.945678690000000044e+00
1.010299999999999913e-02 1.003615799999999894e+02 1.926868840000000027e+00
1.027200000000000162e-02 9.795996499999998264e+01 1.821206950000000102e+00
1.044200000000000163e-02 9.595352560000000608e+01 1.830633469999999985e+00
1.061200000000000164e-02 9.100083220000000495e+01 1.717849830000000022e+00
1.078200000000000165e-02 8.568900080000000230e+01 1.687946649999999993e+00
1.095199999999999819e-02 8.779131379999999751e+01 1.730460110000000107e+00
1.112099999999999894e-02 8.084322199999999725e+01 1.581398869999999901e+00
1.129099999999999722e-02 7.713445330000000411e+01 1.571428059999999904e+00
1.146100000000000070e-02 7.597594080000001782e+01 1.531818090000000021e+00
1.163100000000000071e-02 7.681541470000000515e+01 1.547012129999999930e+00
1.180000000000000319e-02 7.290066290000000038e+01 1.492375989999999986e+00
1.197000000000000321e-02 7.043732380000000148e+01 1.421153630000000057e+00
1.213999999999999801e-02 6.935348929999999257e+01 1.446899729999999940e+00
1.231000000000000150e-02 6.802647109999999486e+01 1.406989770000000028e+00
1.247999999999999977e-02 6.533301120000000139e+01 1.367370669999999899e+00
1.264899999999999879e-02 6.396883169999999552e+01 1.343344260000000068e+00
1.281900000000000400e-02 6.244121470000001040e+01 1.306492860000000089e+00
1.298900000000000055e-02 6.145071109999999237e+01 1.325799320000000003e+00
1.315900000000000056e-02 6.063028830000000369e+01 1.268306649999999980e+00
1.332899999999999884e-02 5.758072360000001311e+01 1.247799730000000107e+00
1.349799999999999785e-02 5.705039840000000595e+01 1.217537459999999960e+00
1.366800000000000133e-02 5.849740960000000456e+01 1.241317329999999997e+00
1.383799999999999614e-02 5.414834160000000907e+01 1.204114509999999916e+00
1.400799999999999788e-02 5.245585790000000515e+01 1.135121739999999990e+00
1.417800000000000137e-02 5.335657310000000564e+01 1.160048519999999916e+00
1.434700000000000038e-02 5.186031569999999391e+01 1.135896250000000052e+00
1.451699999999999866e-02 4.913588570000000999e+01 1.106120830000000055e+00
1.468699999999999867e-02 4.940816590000000019e+01 1.100894910000000060e+00
1.485699999999999868e-02 4.778237419999999247e+01 1.051143039999999917e+00
1.502699999999999869e-02 4.685508970000000772e+01 1.064459009999999983e+00
1.519600000000000291e-02 4.667984590000000367e+01 1.050430769999999958e+00
1.536599999999999772e-02 4.438928519999999622e+01 1.023264430000000003e+00
1.553600000000000293e-02 4.512507119999999361e+01 1.008484790000000020e+00
1.570599999999999774e-02 4.205289479999999713e+01 9.723753579999999674e-01
1.587500000000000022e-02 4.109165420000000069e+01 9.759423560000000109e-01
1.604500000000000023e-02 4.141592379999999451e+01 9.564857949999999720e-01
1.621499999999999678e-02 3.985199389999999653e+01 9.399756649999999603e-01
1.638499999999999679e-02 4.081979619999999898e+01 9.340751689999999829e-01
1.655500000000000027e-02 3.943044470000000956e+01 9.278604660000000504e-01
1.672399999999999581e-02 3.897004910000000422e+01 9.221346950000000042e-01
1.689400000000000276e-02 3.761973419999999635e+01 8.815150149999999574e-01
1.706399999999999931e-02 3.701496349999999325e+01 8.831518980000000463e-01
1.723399999999999932e-02 3.709927660000000316e+01 8.805565969999999965e-01
1.740399999999999933e-02 3.603382940000000900e+01 9.042577809999999827e-01
1.757299999999999487e-02 3.423745439999999007e+01 8.603252569999999544e-01
1.774299999999999836e-02 3.380242379999999258e+01 8.563724470000000366e-01
1.791300000000000184e-02 3.318062679999999887e+01 8.651504159999999777e-01
1.808299999999999838e-02 3.406769859999999284e+01 8.561935299999999804e-01
1.825300000000000186e-02 3.257594240000000241e+01 8.561940139999999477e-01
1.842200000000000087e-02 3.218014560000000301e+01 8.309758350000000515e-01
1.859200000000000089e-02 3.202089809999999659e+01 8.451458179999999931e-01
1.876199999999999743e-02 3.089860739999999595e+01 8.400310979999999761e-01
1.893200000000000438e-02 3.218144129999999592e+01 8.251981569999999877e-01
1.910200000000000092e-02 2.967627980000000676e+01 8.110748060000000370e-01
1.927099999999999647e-02 2.945989780000000735e+01 7.960609849999999987e-01
1.944099999999999648e-02 2.987485990000000413e+01 8.138394730000000354e-01
1.961099999999999649e-02 2.877634619999999899e+01 8.038503169999999809e-01
1.978099999999999997e-02 2.860929649999999214e+01 7.781437789999999799e-01
1.994999999999999551e-02 2.768273609999999607e+01 7.756707750000000345e-01
2.012000000000000247e-02 2.721479100000000173e+01 7.576617690000000405e-01
2.028999999999999901e-02 2.798199320000000512e+01 7.853551690000000196e-01
2.046000000000000249e-02 2.738097360000000435e+01 7.637675600000000120e-01
2.062999999999999903e-02 2.560413579999999811e+01 7.315723520000000368e-01
2.079900000000000151e-02 2.556008780000000513e+01 7.507368479999999566e-01
2.096900000000000153e-02 2.659012859999999634e+01 7.409826990000000224e-01
2.113899999999999807e-02 2.429922739999999948e+01 7.290663480000000307e-01
2.130899999999999461e-02 2.569985050000000015e+01 7.265167219999999482e-01
2.147900000000000156e-02 2.339111650000000253e+01 6.986469870000000526e-01
2.164800000000000058e-02 2.357553950000000498e+01 7.144404749999999638e-01
2.181800000000000406e-02 2.218854639999999634e+01 6.725889579999999590e-01
2.198799999999999713e-02 2.208450840000000426e+01 6.837397870000000433e-01
2.215800000000000061e-02 2.088391669999999678e+01 6.457009009999999938e-01
2.232799999999999715e-02 2.128836499999999532e+01 6.664893440000000391e-01
2.249699999999999617e-02 2.269222929999999749e+01 6.929889689999999547e-01
2.266700000000000312e-02 2.150508070000000416e+01 6.566850789999999494e-01
2.283699999999999619e-02 2.115641070000000212e+01 6.645319119999999469e-01
2.300699999999999967e-02 1.950084899999999877e+01 6.255328959999999494e-01
2.317699999999999622e-02 1.922737539999999967e+01 6.248789869999999969e-01
2.334599999999999870e-02 1.947212959999999882e+01 6.221413529999999525e-01
2.351599999999999871e-02 1.912248440000000471e+01 6.185576990000000164e-01
2.368599999999999872e-02 1.813361640000000463e+01 5.946661469999999783e-01
2.385599999999999873e-02 1.903481970000000345e+01 5.999648359999999458e-01
2.402500000000000122e-02 1.742995499999999964e+01 5.672563870000000286e-01
2.419499999999999776e-02 1.656668319999999994e+01 5.391466369999999841e-01
2.436500000000000124e-02 1.589543079999999620e+01 5.317246169999999550e-01
2.453499999999999778e-02 1.664264250000000089e+01 5.452909449999999714e-01
2.470500000000000126e-02 1.607859930000000048e+01 5.286490139999999727e-01
2.487399999999999334e-02 1.453482250000000420e+01 4.997156810000000227e-01
2.504400000000000376e-02 1.461122029999999938e+01 4.935520299999999749e-01
2.521400000000000724e-02 1.309968169999999787e+01 4.704359639999999843e-01
2.538400000000000725e-02 1.375097700000000067e+01 4.793631580000000114e-01
2.555400000000000726e-02 1.323622760000000298e+01 4.641665970000000141e-01
2.572300000000000281e-02 1.254836649999999842e+01 4.549531410000000053e-01
2.589300000000000282e-02 1.257010060000000173e+01 4.484949149999999940e-01
2.606299999999999936e-02 1.162013929999999995e+01 4.315779980000000182e-01
2.623300000000000284e-02 1.119207270000000065e+01 4.175797270000000116e-01
2.640300000000000286e-02 1.068624440000000142e+01 4.066723529999999864e-01
2.657199999999999493e-02 1.003079350000000147e+01 3.984257829999999778e-01
2.674199999999999841e-02 9.747926319999999478e+00 3.917128089999999951e-01
2.691200000000000189e-02 8.713350540000000422e+00 3.669227369999999988e-01
2.708200000000000190e-02 7.828945420000000155e+00 3.397190409999999994e-01
2.725100000000000092e-02 8.535519360000000333e+00 3.578530859999999869e-01
2.742100000000000093e-02 7.519399080000000346e+00 3.373350840000000073e-01
2.759099999999999400e-02 7.149150120000000719e+00 3.238723250000000164e-01
2.776100000000000789e-02 6.637296090000000426e+00 3.130410519999999863e-01
2.793100000000000097e-02 6.285727510000000073e+00 3.033908249999999751e-01
2.809999999999999304e-02 5.726149600000001172e+00 2.904476919999999796e-01
2.826999999999999652e-02 5.111573660000000352e+00 2.725666760000000077e-01
2.843999999999999653e-02 5.153348339999999972e+00 2.714262789999999925e-01
2.861000000000000001e-02 5.371630879999999664e+00 2.781932060000000262e-01
2.878000000000000350e-02 4.156645740000000089e+00 2.404913260000000053e-01
2.894899999999999904e-02 4.346463289999999979e+00 2.479476330000000006e-01
2.911899999999999905e-02 4.118198969999999903e+00 2.396773690000000012e-01
2.928900000000000253e-02 3.800646920000000595e+00 2.329407679999999925e-01
2.945899999999999561e-02 3.782652139999999719e+00 2.333921790000000052e-01
2.962899999999999562e-02 3.310441809999999929e+00 2.108227599999999979e-01
2.979800000000000504e-02 2.862337419999999799e+00 2.008825089999999869e-01
2.996799999999999811e-02 2.872611940000000086e+00 1.962693749999999959e-01
3.013800000000000159e-02 2.210862619999999890e+00 1.773319650000000081e-01
3.030800000000000161e-02 2.503957450000000140e+00 1.878903570000000078e-01
3.047800000000000162e-02 2.385630980000000179e+00 1.802914160000000099e-01
3.064699999999999716e-02 1.959769560000000022e+00 1.658486269999999985e-01
3.081699999999999370e-02 2.297371200000000169e+00 1.740487810000000135e-01
3.098700000000000412e-02 2.164038430000000179e+00 1.691548780000000085e-01
3.115699999999999373e-02 2.062642990000000065e+00 1.678285700000000102e-01
3.132599999999999968e-02 1.667617869999999947e+00 1.478840760000000032e-01
3.149600000000000316e-02 1.577103700000000108e+00 1.436227489999999940e-01
3.166599999999999970e-02 1.216173750000000053e+00 1.305332929999999947e-01
3.183599999999999625e-02 1.332655029999999963e+00 1.351031309999999874e-01
3.200600000000000667e-02 1.255220970000000102e+00 1.353670299999999993e-01
3.217500000000000221e-02 1.064333229999999908e+00 1.195991970000000043e-01
3.234499999999999875e-02 1.166057499999999969e+00 1.216909310000000022e-01
3.277000000000000052e-02 7.796659470000000258e-01 2.104586550000000014e-02
3.310900000000000648e-02 7.981003690000000317e-01 2.116438589999999897e-02
3.344899999999999957e-02 6.797816500000000151e-01 1.970670689999999906e-02
3.378799999999999165e-02 6.447767819999999928e-01 1.918829719999999919e-02
3.412799999999999861e-02 5.967622350000000297e-01 1.897193739999999962e-02
3.446800000000000558e-02 5.590292329999999588e-01 1.841855460000000125e-02
3.480699999999999766e-02 5.552377809999999858e-01 1.798987759999999894e-02
3.514700000000000463e-02 5.461485769999999684e-01 1.834037640000000038e-02
3.548599999999999671e-02 5.651517190000000523e-01 1.866277230000000162e-02
3.582599999999998980e-02 5.594369780000000292e-01 1.854196179999999944e-02
3.616500000000000270e-02 5.247856389999999704e-01 1.847087409999999957e-02
3.650500000000000966e-02 5.664964329999999659e-01 1.885909280000000118e-02
3.684500000000000275e-02 5.551321590000000139e-01 1.854061480000000067e-02
3.718400000000000177e-02 5.817836010000000391e-01 1.909872989999999993e-02
3.752400000000000180e-02 5.944098850000000267e-01 1.895231329999999895e-02
3.786300000000000776e-02 6.194186400000000203e-01 1.956193520000000172e-02
3.820300000000000779e-02 6.391011089999999450e-01 1.985086180000000117e-02
3.854300000000000781e-02 6.929822110000000146e-01 2.026009599999999827e-02
3.888199999999999990e-02 7.017490640000000335e-01 2.056348439999999833e-02
3.922199999999999992e-02 6.985889309999999686e-01 2.054997659999999865e-02
3.956099999999999201e-02 7.097131269999999992e-01 2.013449440000000118e-02
3.990099999999999203e-02 7.204484930000000231e-01 2.066559050000000078e-02
4.023999999999999105e-02 6.900051189999999446e-01 2.003083820000000140e-02
4.057999999999999802e-02 7.713346009999999531e-01 2.110716589999999879e-02
4.091999999999999110e-02 7.785415820000000098e-01 2.097623079999999876e-02
4.125900000000000400e-02 7.596362789999999698e-01 2.087211920000000068e-02
4.159900000000000403e-02 8.173997139999999995e-01 2.159601770000000101e-02
4.193800000000000305e-02 8.272948900000000050e-01 2.124743070000000011e-02
4.227800000000000308e-02 7.854128970000000542e-01 2.136230880000000026e-02
4.261799999999999616e-02 8.048091099999999942e-01 2.115532969999999943e-02
4.295699999999999519e-02 8.116016600000000025e-01 2.123968650000000041e-02
4.329700000000000909e-02 7.873773880000000114e-01 2.112194809999999937e-02
4.363599999999999424e-02 8.153876839999999460e-01 2.114006709999999983e-02
4.397599999999999426e-02 8.093390379999999551e-01 2.123244750000000125e-02
4.431499999999999329e-02 8.250131830000000388e-01 2.112644040000000167e-02
4.465500000000000025e-02 7.998603880000000332e-01 2.119695480000000076e-02
4.499500000000000721e-02 8.193175280000000171e-01 2.094978330000000014e-02
4.533399999999999236e-02 7.599502989999999958e-01 2.040415120000000151e-02
4.567399999999999932e-02 7.711046959999999784e-01 2.076692629999999859e-02
4.601299999999999141e-02 7.652573019999999726e-01 2.031496970000000110e-02
4.635299999999999143e-02 7.440038399999999719e-01 2.005838990000000099e-02
4.669200000000000433e-02 7.227982859999999565e-01 1.982362080000000040e-02
4.703200000000000436e-02 7.262003489999999672e-01 1.951807549999999905e-02
4.737200000000000438e-02 6.884173559999999803e-01 1.878000059999999916e-02
4.771100000000001035e-02 6.443011400000000499e-01 1.803876440000000067e-02
4.805099999999998955e-02 6.444685789999999859e-01 1.793057489999999934e-02
4.839000000000000246e-02 6.084901400000000127e-01 1.713014449999999966e-02
4.873000000000000942e-02 5.843152139999999717e-01 1.680952650000000145e-02
4.907000000000000250e-02 5.665304260000000314e-01 1.644666480000000000e-02
4.940900000000000847e-02 5.302583699999999789e-01 1.581283799999999920e-02
4.974900000000000155e-02 5.065317679999999934e-01 1.534767559999999920e-02
5.008800000000001446e-02 4.588410569999999966e-01 1.479269050000000044e-02
5.042799999999999366e-02 4.617882589999999787e-01 1.461589400000000080e-02
5.076700000000000657e-02 4.366901309999999814e-01 1.438460159999999967e-02
5.110700000000000659e-02 3.843415459999999784e-01 1.340236669999999956e-02
5.144699999999999968e-02 3.798750550000000170e-01 1.326283150000000070e-02
5.178599999999998482e-02 3.706800510000000104e-01 1.323666019999999999e-02
5.212600000000000566e-02 3.490467769999999748e-01 1.272825850000000071e-02
5.246499999999999775e-02 3.236401420000000195e-01 1.245799229999999987e-02
5.280499999999999083e-02 2.775028159999999855e-01 1.153843769999999928e-02
5.314499999999998392e-02 2.917916540000000114e-01 1.159125270000000048e-02
5.348400000000000376e-02 2.696202639999999984e-01 1.115086290000000084e-02
5.382399999999998991e-02 2.288048869999999846e-01 1.093627890000000054e-02
5.416300000000000281e-02 2.307889830000000031e-01 1.082048009999999998e-02
5.450300000000001671e-02 2.172595959999999715e-01 1.010548730000000034e-02
5.484200000000000880e-02 1.999747200000000225e-01 1.007219770000000042e-02
5.518199999999999494e-02 1.965821209999999986e-01 9.825525950000000425e-03
5.552199999999998803e-02 1.944855709999999960e-01 9.475765350000000045e-03
5.586100000000000093e-02 1.875856830000000308e-01 9.571829259999999409e-03
5.620099999999999402e-02 1.717540750000000060e-01 9.101844640000000472e-03
5.653999999999999998e-02 1.675978899999999994e-01 9.333821149999999359e-03
5.688000000000000000e-02 1.732919749999999870e-01 8.851576189999999997e-03
5.722000000000000697e-02 1.691337859999999804e-01 9.109775969999999237e-03
5.755899999999999211e-02 1.503188149999999945e-01 8.708074729999999361e-03
5.789899999999999214e-02 1.499098140000000023e-01 8.520634089999999661e-03
5.823800000000000504e-02 1.558804350000000116e-01 8.588284740000000361e-03
5.857800000000001200e-02 1.494215610000000083e-01 8.540515130000000607e-03
5.891699999999998327e-02 1.365233170000000329e-01 8.125449220000000722e-03
5.925699999999998330e-02 1.510199030000000109e-01 8.164328760000000643e-03
5.959700000000001108e-02 1.492268599999999890e-01 8.316147720000000021e-03
5.993600000000000316e-02 1.381130509999999867e-01 8.060284600000000230e-03
6.027600000000001013e-02 1.456513960000000163e-01 8.150535829999999704e-03
6.061500000000000915e-02 1.480502099999999877e-01 7.958301980000000511e-03
6.095499999999999530e-02 1.358038530000000021e-01 8.014001740000000276e-03
6.129400000000000126e-02 1.500911839999999886e-01 8.048041440000000546e-03
6.163399999999999435e-02 1.516277159999999957e-01 7.940613160000000240e-03
6.197400000000001519e-02 1.494949369999999944e-01 8.062898239999999675e-03
6.231300000000000727e-02 1.537665739999999892e-01 7.866779850000000032e-03
6.265299999999998648e-02 1.589627549999999834e-01 8.050186230000000789e-03
6.299200000000002020e-02 1.626184559999999946e-01 8.137815910000000333e-03
6.333200000000001328e-02 1.548078380000000032e-01 7.974411390000000002e-03
6.367200000000000637e-02 1.745387089999999586e-01 8.139270190000000640e-03
6.401099999999998458e-02 1.624742220000000292e-01 7.893998410000000257e-03
6.435100000000000542e-02 1.693309630000000010e-01 7.982182219999999981e-03
6.469000000000001138e-02 1.565371580000000096e-01 7.929761250000000317e-03
6.502999999999999059e-02 1.558154830000000046e-01 7.748897250000000118e-03
6.536899999999999655e-02 1.596217470000000360e-01 7.755383250000000110e-03
6.570900000000000352e-02 1.560459170000000062e-01 7.461532790000000200e-03
6.604899999999998272e-02 1.563525160000000247e-01 7.597711529999999665e-03
6.638799999999998869e-02 1.501838719999999960e-01 7.427558840000000016e-03
6.672799999999999565e-02 1.529434939999999854e-01 7.561277350000000265e-03
6.706699999999998774e-02 1.535704139999999884e-01 7.470007110000000290e-03
6.740699999999999470e-02 1.389609139999999909e-01 7.285916320000000376e-03
6.774700000000000166e-02 1.561167569999999949e-01 7.472223580000000344e-03
6.808600000000000763e-02 1.585010410000000092e-01 7.422710909999999732e-03
6.842600000000000071e-02 1.600899240000000223e-01 7.319016509999999934e-03
6.876500000000000667e-02 1.475945449999999937e-01 7.294842200000000235e-03
6.910499999999998588e-02 1.603138990000000097e-01 7.219256030000000164e-03
6.944400000000000572e-02 1.397603289999999887e-01 7.080068880000000078e-03
6.978399999999998493e-02 1.305404980000000048e-01 6.615628410000000230e-03
7.012399999999999189e-02 1.384305640000000337e-01 6.878694579999999718e-03
7.046299999999999786e-02 1.304363380000000128e-01 6.692685759999999866e-03
7.080300000000001870e-02 1.326641500000000085e-01 6.701267779999999820e-03
7.114199999999999691e-02 1.245461259999999792e-01 6.640344109999999841e-03
7.148199999999998999e-02 1.294039939999999944e-01 6.430751799999999581e-03
7.182200000000001083e-02 1.272917510000000085e-01 6.336946999999999892e-03
7.216100000000000292e-02 1.155741839999999965e-01 6.202495100000000178e-03
7.250099999999998213e-02 1.325317089999999975e-01 6.416898960000000374e-03
7.283999999999998809e-02 1.147792150000000178e-01 6.221846740000000139e-03
7.317999999999999505e-02 1.051752500000000118e-01 5.922558419999999699e-03
7.351899999999998714e-02 1.075063460000000026e-01 6.003494150000000112e-03
7.385899999999998022e-02 1.021865760000000151e-01 5.797474389999999686e-03
7.419899999999998719e-02 1.075521029999999961e-01 5.849057920000000181e-03
7.453799999999999315e-02 1.003800580000000081e-01 5.723637690000000014e-03
7.487800000000001399e-02 1.076484469999999943e-01 5.858802179999999908e-03
7.521699999999999220e-02 9.035567059999997930e-02 5.549284510000000378e-03
7.555699999999998528e-02 9.130426569999998410e-02 5.470052209999999582e-03
7.589700000000002000e-02 7.816256139999999686e-02 5.187294819999999605e-03
7.623599999999998433e-02 7.930015269999998728e-02 5.132881940000000309e-03
7.657599999999999130e-02 7.508749419999999342e-02 5.101235540000000415e-03
7.691500000000001114e-02 7.548052289999998554e-02 5.011093240000000226e-03
7.725500000000001810e-02 8.407769499999999396e-02 5.302354900000000315e-03
7.759400000000001019e-02 7.934325580000001210e-02 5.084727520000000348e-03
7.793400000000000327e-02 7.834564949999998917e-02 4.923000240000000201e-03
7.827400000000001024e-02 8.077329039999998905e-02 5.132156060000000325e-03
7.861300000000001620e-02 7.447252359999999294e-02 5.006726870000000398e-03
7.895300000000000928e-02 6.994335129999999789e-02 4.701923610000000378e-03
7.929200000000001525e-02 6.903001119999999102e-02 4.825492259999999631e-03
7.963199999999999446e-02 6.919409579999998006e-02 4.943688869999999895e-03
7.997099999999998654e-02 6.012193099999998958e-02 4.526816040000000187e-03
8.031100000000000738e-02 6.195227779999999684e-02 4.710774539999999615e-03
8.065100000000000047e-02 6.266716260000002037e-02 4.529892009999999733e-03
8.099000000000000643e-02 6.078115289999999615e-02 4.593319809999999587e-03
8.133000000000001339e-02 6.362138699999998759e-02 4.550328830000000338e-03
8.166899999999999160e-02 6.167018679999999170e-02 4.515088119999999955e-03
8.200899999999998469e-02 5.098448630000000648e-02 4.485769790000000007e-03
8.234900000000001941e-02 6.265118519999998692e-02 4.447006340000000252e-03
8.268799999999998374e-02 6.475686230000000931e-02 4.397972210000000021e-03
8.302800000000001845e-02 6.196864490000001530e-02 4.457938070000000419e-03
8.336699999999999666e-02 5.615600419999998427e-02 4.519091509999999950e-03
8.370699999999998975e-02 6.633730990000001604e-02 4.393726799999999981e-03
8.404600000000000959e-02 6.322173859999999368e-02 4.389973779999999624e-03
8.438599999999998880e-02 6.271450589999998104e-02 4.462156089999999749e-03
8.472599999999999576e-02 5.801400749999999912e-02 4.316632610000000099e-03
8.506500000000001560e-02 6.457806509999999833e-02 4.322213469999999953e-03
8.540500000000000869e-02 5.024955179999999327e-02 4.293016910000000026e-03
8.574400000000001465e-02 5.363772170000001560e-02 4.068066680000000275e-03
8.608400000000000774e-02 6.240557689999999547e-02 4.340633879999999944e-03
8.642399999999998694e-02 6.119212329999998423e-02 4.264257050000000264e-03
8.676300000000002066e-02 5.234826959999999696e-02 3.987067809999999754e-03
8.710299999999999987e-02 5.826102270000000499e-02 4.234941489999999656e-03
8.744200000000001971e-02 5.870075769999999471e-02 4.182881349999999741e-03
8.778199999999999892e-02 6.018999710000001724e-02 3.994319970000000108e-03
8.812100000000001876e-02 5.593487190000000914e-02 4.126541640000000108e-03
8.846099999999999797e-02 5.993133549999999504e-02 4.101072199999999945e-03
8.880100000000000493e-02 5.692872950000001098e-02 3.912142270000000185e-03
8.914000000000001089e-02 6.019834889999998995e-02 4.121091589999999714e-03
8.948000000000001786e-02 5.456074949999999840e-02 4.027421340000000155e-03
8.981900000000000994e-02 6.140289849999999716e-02 4.227633589999999983e-03
9.015899999999998915e-02 5.845683530000000960e-02 4.087138720000000301e-03
9.049899999999998224e-02 5.584450159999999191e-02 3.956521549999999707e-03
9.083800000000001595e-02 5.083084360000000163e-02 3.813865080000000164e-03
9.117799999999999516e-02 5.327234810000000542e-02 3.915816350000000251e-03
9.151700000000000113e-02 5.118454390000000409e-02 3.892762279999999880e-03
9.185699999999998033e-02 5.571359129999998994e-02 3.878548790000000204e-03
9.219599999999998630e-02 5.792375510000000172e-02 4.026580479999999906e-03
9.253599999999997938e-02 5.443355369999999804e-02 3.854388829999999978e-03
9.287600000000000022e-02 4.942502879999999960e-02 3.712242599999999917e-03
9.321500000000000619e-02 4.966970159999998385e-02 3.693068319999999894e-03
9.355500000000001315e-02 5.258022989999999036e-02 3.799281910000000106e-03
9.389399999999999136e-02 4.505329539999999855e-02 3.829129579999999977e-03
9.423399999999999832e-02 4.676013469999999034e-02 3.691235980000000163e-03
9.457400000000000528e-02 4.311413900000000965e-02 3.547285810000000081e-03
9.491299999999998349e-02 5.094413910000000767e-02 3.788352330000000021e-03
9.525300000000000433e-02 4.425247030000000609e-02 3.568199939999999910e-03
9.559199999999998254e-02 3.960800880000000385e-02 3.452567100000000170e-03
9.593200000000001726e-02 4.408212260000000937e-02 3.623047639999999944e-03
9.627099999999999547e-02 3.496881920000000088e-02 3.523910749999999929e-03
9.661100000000000243e-02 4.212272359999999494e-02 3.405504670000000095e-03
9.695099999999998164e-02 4.730839820000000417e-02 3.506089600000000198e-03
9.728999999999997372e-02 3.927192660000000668e-02 3.393696130000000213e-03
9.762999999999996681e-02 4.068061440000000223e-02 3.454212439999999884e-03
9.796899999999998665e-02 3.997319170000000754e-02 3.356401049999999976e-03
9.830899999999997974e-02 4.773766590000000365e-02 3.586874500000000049e-03
9.864799999999999958e-02 3.392830410000000768e-02 3.214095379999999929e-03
9.898800000000000654e-02 4.059838200000000230e-02 3.452972329999999881e-03
9.932800000000001350e-02 4.134322149999999918e-02 3.390380069999999850e-03
9.966700000000000559e-02 3.757233110000000181e-02 3.411470099999999814e-03
1.000069999999999848e-01 3.597595950000000153e-02 3.196069670000000092e-03
1.003460000000000046e-01 3.842875540000000034e-02 3.324474210000000034e-03
1.006859999999999977e-01 3.198436780000000340e-02 3.010148429999999833e-03
1.010260000000000047e-01 3.170063619999999305e-02 3.195771119999999983e-03
1.013649999999999968e-01 3.263848000000000443e-02 3.174558679999999952e-03
1.017050000000000037e-01 3.430223649999999957e-02 3.176703190000000013e-03
1.020439999999999958e-01 2.811583959999999424e-02 3.126835139999999992e-03
1.023839999999999889e-01 3.309880810000000173e-02 3.114209379999999944e-03
1.027229999999999949e-01 2.475452990000000242e-02 2.888585139999999812e-03
1.030630000000000018e-01 2.863065050000000375e-02 3.002710989999999962e-03
1.034029999999999810e-01 3.416700159999999653e-02 3.011478340000000101e-03
1.037420000000000148e-01 2.602162530000000015e-02 2.942082620000000068e-03
1.040819999999999940e-01 3.258249550000000272e-02 3.102700749999999941e-03
1.044209999999999861e-01 3.220812669999999905e-02 3.036311570000000196e-03
1.047610000000000069e-01 3.760404350000000340e-02 3.175777119999999808e-03
1.051010000000000000e-01 3.714407759999999170e-02 3.167008819999999995e-03
1.054400000000000059e-01 2.483783479999999641e-02 2.774180440000000199e-03
1.057799999999999851e-01 2.960704420000000170e-02 3.044499329999999972e-03
1.061190000000000050e-01 2.969686889999999593e-02 2.969706849999999981e-03
1.064590000000000120e-01 3.154023630000000328e-02 2.908064259999999963e-03
1.067979999999999902e-01 2.404337760000000226e-02 3.051458029999999828e-03
1.071379999999999971e-01 2.465950459999999636e-02 2.983888330000000061e-03
1.074780000000000041e-01 3.117596050000000230e-02 3.019686750000000197e-03
1.078169999999999962e-01 2.959977660000000232e-02 3.040091759999999973e-03
1.081570000000000170e-01 2.240730510000000369e-02 2.772049810000000187e-03
1.084959999999999952e-01 2.445952359999999798e-02 2.773889390000000045e-03
1.088359999999999883e-01 2.852659499999999834e-02 2.853592959999999915e-03
1.091760000000000091e-01 2.381703609999999763e-02 2.748910920000000035e-03
1.095150000000000151e-01 2.795350040000000452e-02 2.906600689999999914e-03
1.098549999999999804e-01 3.256366460000000712e-02 2.890806520000000195e-03
1.101939999999999864e-01 3.161522679999999308e-02 2.863052389999999787e-03
1.105339999999999934e-01 3.165466980000000707e-02 2.954728929999999969e-03
1.108729999999999855e-01 2.761798520000000035e-02 2.931840330000000210e-03
1.112130000000000063e-01 3.138647090000000472e-02 2.824654849999999866e-03
1.115529999999999994e-01 2.204280539999999358e-02 2.640632180000000110e-03
1.118920000000000053e-01 2.733076820000000101e-02 2.873071850000000118e-03
1.122320000000000123e-01 2.856389999999999277e-02 2.911674630000000031e-03
1.125710000000000044e-01 2.811346420000000387e-02 2.822733339999999955e-03
1.129110000000000114e-01 2.358956090000000061e-02 2.701913059999999991e-03
1.132499999999999896e-01 2.507299769999999858e-02 2.861683470000000139e-03
1.135900000000000104e-01 2.605454110000000531e-02 2.774290559999999933e-03
1.139300000000000035e-01 2.616079610000000832e-02 2.570606029999999900e-03
1.142689999999999956e-01 2.947716140000000012e-02 2.757085130000000179e-03
1.146090000000000164e-01 2.061880430000000500e-02 2.635792340000000025e-03
1.149479999999999946e-01 2.278562009999999388e-02 2.720477429999999808e-03
1.152880000000000155e-01 2.260039059999999558e-02 2.711476119999999945e-03
1.156279999999999947e-01 2.154013509999999632e-02 2.501075570000000064e-03
1.159669999999999868e-01 1.977736970000000191e-02 2.549059399999999923e-03
1.163069999999999937e-01 2.547084189999999568e-02 2.601804550000000067e-03
1.166460000000000136e-01 2.132020280000000018e-02 2.633900260000000045e-03
1.169860000000000066e-01 2.305560989999999935e-02 2.534960849999999804e-03
1.173249999999999849e-01 1.975407430000000047e-02 2.478916749999999884e-03
1.176650000000000057e-01 2.420396350000000169e-02 2.642416150000000130e-03
1.180049999999999988e-01 2.080687779999999820e-02 2.560748380000000060e-03
1.183439999999999909e-01 2.027651819999999605e-02 2.650666710000000072e-03
1.186839999999999978e-01 2.203729369999999840e-02 2.518757859999999973e-03
1.190229999999999899e-01 2.214064709999999728e-02 2.569958849999999864e-03
1.193629999999999969e-01 1.770627940000000372e-02 2.433063090000000140e-03
1.197030000000000038e-01 1.999804159999999872e-02 2.452484479999999818e-03
1.200419999999999821e-01 2.227539769999999780e-02 2.653047129999999872e-03
1.203820000000000029e-01 2.357841710000000562e-02 2.606584859999999931e-03
1.207210000000000089e-01 1.870232050000000118e-02 2.433845090000000093e-03
1.210610000000000019e-01 1.831380270000000296e-02 2.492972070000000137e-03
1.213999999999999801e-01 2.525899590000000097e-02 2.513179989999999881e-03
1.217399999999999871e-01 2.515047590000000013e-02 2.557120689999999811e-03
1.220799999999999802e-01 2.420938260000000258e-02 2.521157830000000152e-03
1.224190000000000139e-01 1.896218319999999624e-02 2.496878640000000163e-03
1.227590000000000070e-01 1.313356460000000316e-02 2.346153320000000150e-03
1.230979999999999852e-01 1.583522670000000326e-02 2.378957020000000040e-03
1.234380000000000061e-01 2.065498979999999540e-02 2.479059760000000036e-03
1.237779999999999991e-01 2.270021239999999926e-02 2.427546819999999803e-03
1.241170000000000051e-01 1.729609010000000488e-02 2.382353829999999967e-03
1.244570000000000121e-01 1.429303570000000148e-02 2.351194029999999907e-03
1.247959999999999903e-01 1.935102879999999956e-02 2.285028780000000065e-03
1.251359999999999972e-01 1.620770819999999696e-02 2.392952329999999822e-03
1.254750000000000032e-01 1.780119040000000333e-02 2.330910930000000027e-03
1.258150000000000102e-01 1.825698050000000225e-02 2.397683849999999919e-03
1.261549999999999894e-01 1.858333529999999650e-02 2.279689789999999987e-03
1.264939999999999953e-01 1.632876189999999880e-02 2.323626670000000002e-03
1.268339999999999745e-01 1.325720539999999774e-02 2.381298459999999905e-03
1.271730000000000083e-01 1.577530959999999885e-02 2.458402059999999917e-03
1.275129999999999875e-01 1.428846820000000302e-02 2.340094599999999799e-03
1.278529999999999944e-01 1.232403080000000171e-02 2.296107800000000195e-03
1.281920000000000004e-01 1.597450939999999625e-02 2.431396790000000044e-03
1.285320000000000074e-01 1.597081239999999583e-02 2.242201149999999924e-03
1.288710000000000411e-01 1.572154390000000262e-02 2.318165960000000136e-03
1.292109999999999925e-01 1.675415859999999924e-02 2.274716799999999817e-03
1.295499999999999985e-01 1.892651019999999976e-02 2.295747659999999857e-03
1.298900000000000055e-01 1.894822029999999879e-02 2.339358460000000046e-03
1.302300000000000124e-01 1.428411809999999976e-02 2.251992630000000054e-03
1.305689999999999629e-01 1.816247959999999981e-02 2.217134840000000058e-03
1.309089999999999976e-01 1.390926540000000239e-02 2.224406840000000066e-03
1.312480000000000036e-01 1.806522580000000100e-02 2.344402069999999925e-03
1.315879999999999828e-01 1.718603419999999507e-02 2.212253019999999883e-03
1.319269999999999887e-01 1.533062020000000233e-02 2.271478039999999792e-03
1.322670000000000234e-01 1.209666600000000071e-02 2.101034260000000150e-03
1.326070000000000026e-01 1.273618999999999966e-02 2.219723280000000017e-03
1.329460000000000086e-01 1.200731430000000037e-02 2.154701040000000026e-03
1.332859999999999878e-01 9.874468359999994185e-03 2.213436239999999958e-03
1.336249999999999938e-01 1.720656679999999633e-02 2.261396250000000021e-03
1.339650000000000285e-01 1.279518900000000022e-02 2.207349319999999965e-03
1.343050000000000077e-01 1.190037279999999961e-02 2.204926769999999807e-03
1.346440000000000137e-01 1.643827739999999607e-02 2.197447669999999867e-03
1.349839999999999929e-01 1.468981000000000106e-02 2.213019120000000051e-03
1.353229999999999988e-01 9.922527490000002809e-03 2.093697849999999906e-03
1.356630000000000058e-01 1.362507870000000294e-02 2.108635000000000197e-03
1.360020000000000395e-01 1.072219110000000204e-02 2.169648739999999795e-03
1.363419999999999632e-01 1.266468249999999976e-02 2.177477660000000110e-03
1.366819999999999979e-01 1.483290649999999961e-02 2.209789460000000094e-03
1.370210000000000039e-01 7.683273689999999857e-03 2.196199169999999996e-03
1.373610000000000109e-01 1.394988779999999789e-02 2.195457720000000210e-03
1.376999999999999891e-01 9.070882599999996465e-03 2.235677049999999950e-03
1.380399999999999683e-01 1.308988989999999852e-02 2.152938349999999976e-03
1.383800000000000030e-01 1.420003329999999786e-02 2.225020180000000011e-03
1.387190000000000367e-01 1.213180540000000085e-02 2.210623359999999964e-03
1.390589999999999882e-01 1.174591340000000206e-02 2.114871280000000121e-03
1.393979999999999664e-01 1.175483720000000155e-02 2.196389469999999837e-03
1.397380000000000289e-01 9.213414210000001395e-03 2.175837349999999813e-03
1.400770000000000071e-01 1.681764830000000502e-02 2.435289990000000151e-03
