2.801999999999999370e-03 7.556015129999996134e+02 1.535487029999999997e+01
2.970999999999998815e-03 5.852790939999998727e+02 1.118107999999999969e+01
3.141000000000000996e-03 4.724235980000001973e+02 9.055780199999999169e+00
3.311000000000000575e-03 4.091614500000000021e+02 7.176171380000000433e+00
3.481000000000000587e-03 3.456607500000000641e+02 6.565019999999999634e+00
3.650999999999999732e-03 3.025333009999999376e+02 5.963947479999999857e+00
3.820000000000001346e-03 2.831081380000001104e+02 5.436554929999999786e+00
3.990000000000001358e-03 2.513541049999999188e+02 5.039499669999999654e+00
4.160000000000000503e-03 2.357405630000000656e+02 4.623870349999999796e+00
4.330000000000001383e-03 2.157463519999998880e+02 4.499257889999999982e+00
4.498999999999999527e-03 2.015876900000000944e+02 4.216401959999999782e+00
4.668999999999997805e-03 1.884831890000000669e+02 3.979932380000000158e+00
4.839000000000002154e-03 1.814645710000000065e+02 3.844260429999999840e+00
5.009000000000003033e-03 1.678752109999999789e+02 3.586015339999999885e+00
5.178999999999999576e-03 1.675980990000000475e+02 3.655858820000000176e+00
5.347999999999998588e-03 1.549799100000000465e+02 3.303810050000000054e+00
5.518000000000000335e-03 1.602115969999999834e+02 3.309455289999999827e+00
5.688000000000000347e-03 1.443425519999999551e+02 3.179246239999999890e+00
5.858000000000001227e-03 1.488588580000000547e+02 3.179081529999999933e+00
6.027999999999998637e-03 1.396831689999999355e+02 3.033673999999999982e+00
6.197000000000001119e-03 1.404370990000000461e+02 2.880239700000000180e+00
6.367000000000001998e-03 1.314892849999999669e+02 2.838912459999999971e+00
6.536999999999999408e-03 1.257176109999999767e+02 2.738507419999999914e+00
6.707000000000002023e-03 1.329377390000000503e+02 2.774100279999999863e+00
6.877000000000001168e-03 1.231425600000000031e+02 2.637704110000000046e+00
7.045999999999998445e-03 1.273662369999999839e+02 2.604934089999999980e+00
7.216000000000001059e-03 1.247741950000000060e+02 2.631494110000000219e+00
7.386000000000001071e-03 1.199796189999999854e+02 2.490068219999999943e+00
7.556000000000001084e-03 1.186725459999999970e+02 2.461633739999999904e+00
7.726000000000001096e-03 1.200157100000000270e+02 2.430699820000000066e+00
7.895000000000002710e-03 1.206534759999999409e+02 2.423860550000000114e+00
8.064999999999999253e-03 1.155445839999999862e+02 2.429220470000000187e+00
8.235000000000002734e-03 1.215482849999999786e+02 2.342824110000000015e+00
8.404999999999997543e-03 1.152968509999999469e+02 2.279532469999999922e+00
8.574000000000000024e-03 1.203467739999999822e+02 2.304563959999999856e+00
8.743999999999996567e-03 1.185643409999999562e+02 2.317729280000000003e+00
8.913999999999996579e-03 1.203827990000000057e+02 2.312083330000000103e+00
9.083999999999996591e-03 1.256859779999999773e+02 2.256671170000000171e+00
9.254000000000001808e-03 1.173814109999999573e+02 2.252912170000000103e+00
9.422999999999995616e-03 1.236289920000000393e+02 2.206817420000000141e+00
9.593000000000002567e-03 1.207742320000000404e+02 2.231920670000000051e+00
9.762999999999997375e-03 1.243950489999999718e+02 2.197471950000000174e+00
9.933000000000006061e-03 1.294701640000000680e+02 2.224961459999999835e+00
1.010299999999999913e-02 1.282083690000000331e+02 2.260431769999999840e+00
1.027200000000000162e-02 1.279288039999999569e+02 2.160153880000000193e+00
1.044200000000000163e-02 1.348888719999999637e+02 2.251834520000000062e+00
1.061200000000000164e-02 1.408495939999999962e+02 2.218151510000000215e+00
1.078200000000000165e-02 1.423755140000000665e+02 2.258061459999999965e+00
1.095199999999999819e-02 1.468123280000000079e+02 2.322403089999999892e+00
1.112099999999999894e-02 1.496654430000000389e+02 2.231353840000000144e+00
1.129099999999999722e-02 1.553252770000000567e+02 2.311620369999999980e+00
1.146100000000000070e-02 1.559815709999999456e+02 2.276801499999999923e+00
1.163100000000000071e-02 1.595043550000000607e+02 2.312839340000000021e+00
1.180000000000000319e-02 1.651431469999999422e+02 2.329360509999999884e+00
1.197000000000000321e-02 1.716349239999999554e+02 2.300968570000000213e+00
1.213999999999999801e-02 1.742405530000000056e+02 2.378523009999999882e+00
1.231000000000000150e-02 1.781506560000000832e+02 2.361914640000000176e+00
1.247999999999999977e-02 1.808079480000000672e+02 2.359016260000000198e+00
1.264899999999999879e-02 1.818717069999999296e+02 2.346812270000000034e+00
1.281900000000000400e-02 1.842664180000000158e+02 2.326899959999999989e+00
1.298900000000000055e-02 1.856447540000000913e+02 2.390054870000000165e+00
1.315900000000000056e-02 1.860757269999999153e+02 2.304631800000000119e+00
1.332899999999999884e-02 1.817833329999999421e+02 2.300636700000000090e+00
1.349799999999999785e-02 1.805411620000000426e+02 2.244223320000000133e+00
1.366800000000000133e-02 1.750560539999999889e+02 2.226736610000000116e+00
1.383799999999999614e-02 1.773788669999999286e+02 2.259536950000000211e+00
1.400799999999999788e-02 1.716290480000000400e+02 2.129495630000000084e+00
1.417800000000000137e-02 1.655605250000000694e+02 2.119332920000000176e+00
1.434700000000000038e-02 1.585414579999999773e+02 2.061428520000000209e+00
1.451699999999999866e-02 1.523518620000000681e+02 2.021049189999999829e+00
1.468699999999999867e-02 1.424417299999999500e+02 1.939659519999999970e+00
1.485699999999999868e-02 1.323044110000000160e+02 1.813688799999999990e+00
1.502699999999999869e-02 1.260066219999999362e+02 1.812175340000000023e+00
1.519600000000000291e-02 1.148428669999999698e+02 1.707264499999999963e+00
1.536599999999999772e-02 1.088119209999999413e+02 1.662049000000000110e+00
1.553600000000000293e-02 1.024489600000000138e+02 1.576549310000000093e+00
1.570599999999999774e-02 9.072749679999999728e+01 1.481465739999999975e+00
1.587500000000000022e-02 8.681565100000001678e+01 1.470291809999999977e+00
1.604500000000000023e-02 8.025232849999999019e+01 1.381454970000000060e+00
1.621499999999999678e-02 7.355019380000001661e+01 1.323304000000000036e+00
1.638499999999999679e-02 7.056209769999998116e+01 1.273873220000000028e+00
1.655500000000000027e-02 6.511250929999999926e+01 1.237682060000000028e+00
1.672399999999999581e-02 6.036262940000001009e+01 1.190728449999999938e+00
1.689400000000000276e-02 5.732125699999999568e+01 1.129356049999999945e+00
1.706399999999999931e-02 5.473026669999999427e+01 1.114415259999999908e+00
1.723399999999999932e-02 5.295246900000000068e+01 1.092053970000000040e+00
1.740399999999999933e-02 5.191513119999999759e+01 1.124861579999999917e+00
1.757299999999999487e-02 4.558420499999999720e+01 1.030293990000000104e+00
1.774299999999999836e-02 4.437754189999999710e+01 1.017920270000000071e+00
1.791300000000000184e-02 4.380183220000001398e+01 1.031565150000000042e+00
1.808299999999999838e-02 4.138408330000000745e+01 9.791345820000000311e-01
1.825300000000000186e-02 4.050952529999999996e+01 9.911788350000000358e-01
1.842200000000000087e-02 3.791568609999999495e+01 9.362016549999999659e-01
1.859200000000000089e-02 3.805840539999999095e+01 9.564004999999999868e-01
1.876199999999999743e-02 3.472075530000000754e+01 9.238353799999999838e-01
1.893200000000000438e-02 3.480178549999999404e+01 8.908354269999999575e-01
1.910200000000000092e-02 3.273843380000000280e+01 8.837609180000000064e-01
1.927099999999999647e-02 3.302678749999999042e+01 8.745575009999999594e-01
1.944099999999999648e-02 3.311585160000000627e+01 8.893407469999999870e-01
1.961099999999999649e-02 3.078148159999999578e+01 8.628632999999999997e-01
1.978099999999999997e-02 3.119089389999999540e+01 8.434366250000000509e-01
1.994999999999999551e-02 2.884566370000000290e+01 8.220206880000000549e-01
2.012000000000000247e-02 2.995631940000000171e+01 8.248636639999999964e-01
2.028999999999999901e-02 2.845174079999999961e+01 8.221113979999999932e-01
2.046000000000000249e-02 2.692732320000000001e+01 7.863453580000000498e-01
2.062999999999999903e-02 2.706575769999999537e+01 7.808242389999999755e-01
2.079900000000000151e-02 2.705186129999999167e+01 8.017107949999999761e-01
2.096900000000000153e-02 2.649035109999999804e+01 7.677888109999999600e-01
2.113899999999999807e-02 2.617266619999999833e+01 7.850634600000000463e-01
2.130899999999999461e-02 2.707397490000000317e+01 7.740651969999999826e-01
2.147900000000000156e-02 2.573088559999999703e+01 7.605033159999999848e-01
2.164800000000000058e-02 2.617981599999999887e+01 7.812775020000000126e-01
2.181800000000000406e-02 2.594756639999999592e+01 7.546578109999999562e-01
2.198799999999999713e-02 2.687610700000000463e+01 7.822643889999999489e-01
2.215800000000000061e-02 2.653144029999999987e+01 7.554691049999999741e-01
2.232799999999999715e-02 2.646997810000000229e+01 7.705801159999999816e-01
2.249699999999999617e-02 2.633761760000000862e+01 7.744557669999999616e-01
2.266700000000000312e-02 2.547381010000000146e+01 7.417311530000000319e-01
2.283699999999999619e-02 2.496741410000000272e+01 7.484678080000000122e-01
2.300699999999999967e-02 2.554676650000000038e+01 7.423984319999999970e-01
2.317699999999999622e-02 2.491137950000000600e+01 7.381415119999999996e-01
2.334599999999999870e-02 2.519581350000000342e+01 7.344470480000000467e-01
2.351599999999999871e-02 2.314101489999999828e+01 7.058769080000000251e-01
2.368599999999999872e-02 2.435966189999999187e+01 7.152319470000000345e-01
2.385599999999999873e-02 2.421863979999999827e+01 7.018649900000000219e-01
2.402500000000000122e-02 2.408118320000000168e+01 6.910534820000000522e-01
2.419499999999999776e-02 2.334708609999999496e+01 6.638048220000000166e-01
2.436500000000000124e-02 2.329222040000000149e+01 6.674663109999999788e-01
2.453499999999999778e-02 2.390888070000000454e+01 6.774394940000000309e-01
2.470500000000000126e-02 2.209677200000000141e+01 6.419446039999999742e-01
2.487399999999999334e-02 2.111138499999999496e+01 6.244480079999999989e-01
2.504400000000000376e-02 2.182051539999999790e+01 6.254141549999999716e-01
2.521400000000000724e-02 2.050957329999999956e+01 6.094992649999999568e-01
2.538400000000000725e-02 1.928816139999999990e+01 5.878874060000000012e-01
2.555400000000000726e-02 1.947718539999999976e+01 5.825742499999999602e-01
2.572300000000000281e-02 1.762317970000000145e+01 5.583471650000000341e-01
2.589300000000000282e-02 1.765108989999999878e+01 5.510956940000000248e-01
2.606299999999999936e-02 1.837962800000000385e+01 5.623409249999999915e-01
2.623300000000000284e-02 1.542718340000000232e+01 5.081746040000000297e-01
2.640300000000000286e-02 1.498082289999999972e+01 4.988640469999999771e-01
2.657199999999999493e-02 1.398382330000000096e+01 4.867871149999999925e-01
2.674199999999999841e-02 1.365689420000000176e+01 4.793774029999999797e-01
2.691200000000000189e-02 1.282562609999999736e+01 4.608773290000000022e-01
2.708200000000000190e-02 1.269908080000000083e+01 4.478874429999999962e-01
2.725100000000000092e-02 1.140663190000000249e+01 4.285790389999999950e-01
2.742100000000000093e-02 1.061882039999999883e+01 4.144088810000000067e-01
2.759099999999999400e-02 1.043645519999999749e+01 4.060451880000000013e-01
2.776100000000000789e-02 9.113071920000001214e+00 3.796790090000000117e-01
2.793100000000000097e-02 8.629582359999998786e+00 3.673513500000000209e-01
2.809999999999999304e-02 7.852719539999998943e+00 3.519005419999999829e-01
2.826999999999999652e-02 7.748669999999999725e+00 3.468246779999999974e-01
2.843999999999999653e-02 7.015667370000000069e+00 3.270369089999999868e-01
2.861000000000000001e-02 6.573939930000000764e+00 3.183325309999999742e-01
2.878000000000000350e-02 6.069686279999999101e+00 3.014499079999999887e-01
2.894899999999999904e-02 5.694288099999999631e+00 2.940575040000000251e-01
2.911899999999999905e-02 4.877164040000001144e+00 2.699236560000000118e-01
2.928900000000000253e-02 4.696291210000000049e+00 2.669837939999999965e-01
2.945899999999999561e-02 4.138427290000000092e+00 2.525995189999999946e-01
2.962899999999999562e-02 4.596866140000000378e+00 2.574300330000000026e-01
2.979800000000000504e-02 3.687169700000000105e+00 2.350531319999999980e-01
2.996799999999999811e-02 3.573128309999999974e+00 2.262366990000000133e-01
3.013800000000000159e-02 2.860161939999999792e+00 2.073265430000000020e-01
3.039300000000000335e-02 2.812503580000000003e+00 4.197372509999999779e-02
3.073199999999999890e-02 2.458980630000000112e+00 3.968798340000000147e-02
3.107199999999999199e-02 2.047927060000000132e+00 3.597055229999999992e-02
3.141100000000000142e-02 1.895812449999999760e+00 3.444163370000000168e-02
3.175100000000000838e-02 1.653937769999999974e+00 3.258739430000000270e-02
3.209000000000000741e-02 1.450782639999999901e+00 3.020773909999999868e-02
3.243000000000000049e-02 1.307470949999999910e+00 2.867657250000000060e-02
3.277000000000000052e-02 1.236307220000000040e+00 2.771620090000000147e-02
3.310900000000000648e-02 1.139339289999999894e+00 2.657549680000000081e-02
3.344899999999999957e-02 1.061275959999999907e+00 2.565723729999999994e-02
3.378799999999999165e-02 9.902638940000000334e-01 2.475105840000000126e-02
3.412799999999999861e-02 8.575004910000000313e-01 2.360900000000000151e-02
3.446800000000000558e-02 8.978636330000000498e-01 2.405364730000000145e-02
3.480699999999999766e-02 8.491558319999999993e-01 2.313693689999999845e-02
3.514700000000000463e-02 8.563279390000000380e-01 2.374239720000000109e-02
3.548599999999999671e-02 9.227918120000000446e-01 2.458477510000000102e-02
3.582599999999998980e-02 8.423781510000000194e-01 2.360270609999999894e-02
3.616500000000000270e-02 8.538463200000000475e-01 2.404749939999999836e-02
3.650500000000000966e-02 8.894796699999999445e-01 2.437469730000000126e-02
3.684500000000000275e-02 9.422961210000000420e-01 2.480675790000000033e-02
3.718400000000000177e-02 9.287103249999999477e-01 2.483189209999999911e-02
3.752400000000000180e-02 9.595681240000000223e-01 2.490949699999999919e-02
3.786300000000000776e-02 9.404581640000000409e-01 2.495571480000000064e-02
3.820300000000000779e-02 9.796848510000000232e-01 2.546853500000000048e-02
3.854300000000000781e-02 1.008545559999999952e+00 2.546951990000000110e-02
3.888199999999999990e-02 1.012838759999999949e+00 2.571360599999999996e-02
3.922199999999999992e-02 1.026936250000000106e+00 2.590478460000000122e-02
3.956099999999999201e-02 1.052458969999999994e+00 2.563522890000000110e-02
3.990099999999999203e-02 1.079555119999999979e+00 2.636468819999999991e-02
4.023999999999999105e-02 1.043363590000000007e+00 2.560035310000000064e-02
4.057999999999999802e-02 1.121959090000000048e+00 2.667775190000000116e-02
4.091999999999999110e-02 1.082017460000000098e+00 2.593718130000000066e-02
4.125900000000000400e-02 1.127318629999999988e+00 2.655833449999999915e-02
4.159900000000000403e-02 1.103066099999999938e+00 2.634899480000000085e-02
4.193800000000000305e-02 1.180166290000000062e+00 2.667475719999999953e-02
4.227800000000000308e-02 1.156325110000000045e+00 2.704865929999999974e-02
4.261799999999999616e-02 1.145773909999999951e+00 2.646965360000000031e-02
4.295699999999999519e-02 1.166810829999999966e+00 2.667465579999999878e-02
4.329700000000000909e-02 1.156613740000000057e+00 2.669450389999999951e-02
4.363599999999999424e-02 1.155870149999999930e+00 2.642646469999999914e-02
4.397599999999999426e-02 1.165406549999999930e+00 2.668242009999999970e-02
4.431499999999999329e-02 1.232500689999999954e+00 2.703383850000000074e-02
4.465500000000000025e-02 1.173611259999999934e+00 2.675214160000000119e-02
4.499500000000000721e-02 1.178624600000000022e+00 2.641391800000000151e-02
4.533399999999999236e-02 1.132640569999999958e+00 2.593298280000000053e-02
4.567399999999999932e-02 1.149523089999999970e+00 2.640020129999999868e-02
4.601299999999999141e-02 1.119731899999999891e+00 2.567466830000000172e-02
4.635299999999999143e-02 1.100382109999999969e+00 2.554562620000000103e-02
4.669200000000000433e-02 1.092230800000000057e+00 2.540952620000000092e-02
4.703200000000000436e-02 1.099452160000000012e+00 2.512887219999999922e-02
4.737200000000000438e-02 1.035986960000000012e+00 2.401026959999999835e-02
4.771100000000001035e-02 9.636982010000000320e-01 2.296753849999999889e-02
4.805099999999998955e-02 9.699403170000000518e-01 2.293517089999999939e-02
4.839000000000000246e-02 9.748421419999999671e-01 2.256811809999999946e-02
4.873000000000000942e-02 8.401128920000000555e-01 2.100747409999999954e-02
4.907000000000000250e-02 8.822817170000000209e-01 2.131669850000000171e-02
4.940900000000000847e-02 7.916049120000000494e-01 2.005465559999999869e-02
4.974900000000000155e-02 7.692023599999999739e-01 1.969284680000000023e-02
5.008800000000001446e-02 7.077050649999999665e-01 1.895723319999999962e-02
5.042799999999999366e-02 6.619826439999999534e-01 1.820358550000000103e-02
5.076700000000000657e-02 6.255733420000000322e-01 1.784546379999999918e-02
5.110700000000000659e-02 5.814811330000000389e-01 1.695738349999999922e-02
5.144699999999999968e-02 5.360328540000000030e-01 1.632336309999999832e-02
5.178599999999998482e-02 5.204889329999999870e-01 1.618258969999999963e-02
5.212600000000000566e-02 4.813307669999999927e-01 1.549304919999999926e-02
5.246499999999999775e-02 4.577025619999999795e-01 1.521709350000000072e-02
5.280499999999999083e-02 4.309082060000000158e-01 1.460721350000000057e-02
5.314499999999998392e-02 4.137360449999999967e-01 1.423584779999999966e-02
5.348400000000000376e-02 3.935856580000000049e-01 1.377625950000000050e-02
5.382399999999998991e-02 3.310297119999999760e-01 1.327802829999999955e-02
5.416300000000000281e-02 3.315734040000000160e-01 1.310135880000000072e-02
5.450300000000001671e-02 3.257370090000000218e-01 1.257807870000000015e-02
5.484200000000000880e-02 3.010796130000000237e-01 1.242590520000000018e-02
5.518199999999999494e-02 2.736294380000000026e-01 1.175533699999999938e-02
5.552199999999998803e-02 2.919650830000000141e-01 1.179663369999999975e-02
5.586100000000000093e-02 2.604036929999999916e-01 1.143886560000000052e-02
5.620099999999999402e-02 2.501195780000000091e-01 1.108680459999999979e-02
5.653999999999999998e-02 2.269556310000000188e-01 1.098388320000000078e-02
5.688000000000000000e-02 2.463455579999999923e-01 1.074990460000000043e-02
5.722000000000000697e-02 2.219290190000000051e-01 1.064470390000000002e-02
5.755899999999999211e-02 2.239702879999999618e-01 1.058228989999999980e-02
5.789899999999999214e-02 2.072296909999999659e-01 1.012445109999999919e-02
5.823800000000000504e-02 2.436612510000000231e-01 1.072111610000000062e-02
5.857800000000001200e-02 2.140796709999999992e-01 1.025366089999999938e-02
5.891699999999998327e-02 1.934393689999999999e-01 9.731318830000000239e-03
5.925699999999998330e-02 2.065673779999999959e-01 9.738767000000000604e-03
5.959700000000001108e-02 2.003523369999999637e-01 9.791318349999999712e-03
5.993600000000000316e-02 2.187440559999999645e-01 1.005054510000000061e-02
6.027600000000001013e-02 2.074208640000000103e-01 9.817049939999999281e-03
6.061500000000000915e-02 2.165214950000000083e-01 9.748529250000000437e-03
6.095499999999999530e-02 2.149005260000000084e-01 9.962133099999999353e-03
6.129400000000000126e-02 2.144065560000000259e-01 9.752694109999999680e-03
6.163399999999999435e-02 2.165310250000000158e-01 9.631806799999999974e-03
6.197400000000001519e-02 1.992771379999999926e-01 9.490870250000000077e-03
6.231300000000000727e-02 2.218660650000000012e-01 9.632627229999999457e-03
6.265299999999998648e-02 2.185633710000000063e-01 9.645329660000000194e-03
6.299200000000002020e-02 2.237740640000000225e-01 9.757060550000000096e-03
6.333200000000001328e-02 2.184311500000000184e-01 9.606321870000000124e-03
6.367200000000000637e-02 2.294785000000000297e-01 9.646342290000000166e-03
6.401099999999998458e-02 2.163094310000000242e-01 9.365464999999999901e-03
6.435100000000000542e-02 2.199040849999999714e-01 9.416087760000000501e-03
6.469000000000001138e-02 1.971443410000000007e-01 9.170489869999999544e-03
6.502999999999999059e-02 2.253675430000000035e-01 9.464506699999999939e-03
6.536899999999999655e-02 2.307953030000000350e-01 9.530130700000000177e-03
6.570900000000000352e-02 2.311059509999999761e-01 9.291980570000000356e-03
6.604899999999998272e-02 2.193261069999999924e-01 9.223175999999999597e-03
6.638799999999998869e-02 2.036127020000000065e-01 8.883928509999999834e-03
6.672799999999999565e-02 2.283466289999999677e-01 9.369659639999999845e-03
6.706699999999998774e-02 2.242907110000000037e-01 9.212743759999999366e-03
6.740699999999999470e-02 2.235194120000000007e-01 9.249997430000000270e-03
6.774700000000000166e-02 2.176745090000000160e-01 9.052263379999999846e-03
6.808600000000000763e-02 2.117204799999999887e-01 8.861016589999999582e-03
6.842600000000000071e-02 2.152664430000000018e-01 8.790222320000000769e-03
6.876500000000000667e-02 2.036329839999999614e-01 8.765089590000000458e-03
6.910499999999998588e-02 2.068256950000000038e-01 8.543461929999999344e-03
6.944400000000000572e-02 1.971308710000000131e-01 8.581059710000000021e-03
6.978399999999998493e-02 2.224102019999999735e-01 8.732769379999999818e-03
7.012399999999999189e-02 2.155225599999999742e-01 8.718894479999999420e-03
7.046299999999999786e-02 1.973721300000000067e-01 8.373382789999999840e-03
7.080300000000001870e-02 1.851198440000000056e-01 8.115770600000000654e-03
7.114199999999999691e-02 1.832033709999999760e-01 8.161515430000000279e-03
7.148199999999998999e-02 1.976480209999999793e-01 8.150923859999999188e-03
7.182200000000001083e-02 1.769999290000000003e-01 7.727393810000000168e-03
7.216100000000000292e-02 1.800976069999999929e-01 7.849422870000000857e-03
7.250099999999998213e-02 1.748077450000000144e-01 7.659644099999999775e-03
7.283999999999998809e-02 1.712617310000000004e-01 7.718652809999999691e-03
7.317999999999999505e-02 1.638763950000000080e-01 7.475138410000000191e-03
7.351899999999998714e-02 1.582503809999999955e-01 7.402986139999999729e-03
7.385899999999998022e-02 1.544517970000000018e-01 7.238751009999999826e-03
7.419899999999998719e-02 1.603863189999999994e-01 7.296398439999999923e-03
7.453799999999999315e-02 1.533738470000000076e-01 7.158756369999999883e-03
7.487800000000001399e-02 1.321602829999999895e-01 6.749278640000000093e-03
7.521699999999999220e-02 1.273367569999999949e-01 6.694532320000000022e-03
7.555699999999998528e-02 1.382943329999999915e-01 6.804877279999999723e-03
7.589700000000002000e-02 1.191648399999999802e-01 6.432877299999999708e-03
7.623599999999998433e-02 1.224056419999999951e-01 6.405393340000000053e-03
7.657599999999999130e-02 1.161525840000000032e-01 6.337609580000000409e-03
7.691500000000001114e-02 1.237814170000000186e-01 6.402567849999999706e-03
7.725500000000001810e-02 1.118234280000000164e-01 6.242034040000000311e-03
7.759400000000001019e-02 1.055849840000000206e-01 6.009048619999999598e-03
7.793400000000000327e-02 1.090224960000000104e-01 5.940364529999999678e-03
7.827400000000001024e-02 1.077502260000000045e-01 6.065072930000000098e-03
7.861300000000001620e-02 9.184779120000000074e-02 5.719502710000000205e-03
7.895300000000000928e-02 1.059402860000000085e-01 5.837423300000000106e-03
7.929200000000001525e-02 9.546520380000000916e-02 5.744625389999999908e-03
7.963199999999999446e-02 9.975301799999999885e-02 5.929607200000000002e-03
7.997099999999998654e-02 9.683691469999998469e-02 5.689390100000000366e-03
8.031100000000000738e-02 9.013948770000000665e-02 5.649530679999999715e-03
8.065100000000000047e-02 1.018044359999999843e-01 5.730887250000000349e-03
8.099000000000000643e-02 8.434861869999998873e-02 5.441836499999999979e-03
8.133000000000001339e-02 9.445478240000000636e-02 5.558603859999999668e-03
8.166899999999999160e-02 9.661809029999997300e-02 5.618318479999999566e-03
8.200899999999998469e-02 7.431800319999998239e-02 5.308220249999999647e-03
8.234900000000001941e-02 9.021068289999999157e-02 5.390670460000000080e-03
8.268799999999998374e-02 8.512140910000000338e-02 5.178966119999999645e-03
8.302800000000001845e-02 9.362659360000001596e-02 5.474572399999999735e-03
8.336699999999999666e-02 8.677304680000000325e-02 5.501019610000000386e-03
8.370699999999998975e-02 8.949707350000001005e-02 5.229272499999999824e-03
8.404600000000000959e-02 8.527780469999998725e-02 5.206010520000000155e-03
8.438599999999998880e-02 8.843523919999998761e-02 5.341503990000000431e-03
8.472599999999999576e-02 8.326060119999999232e-02 5.185479619999999908e-03
8.506500000000001560e-02 8.860265480000001359e-02 5.174255279999999749e-03
8.540500000000000869e-02 8.018105750000001364e-02 5.256350449999999848e-03
8.574400000000001465e-02 9.009448130000002886e-02 5.212702730000000166e-03
8.608400000000000774e-02 8.473868929999998911e-02 5.140604509999999704e-03
8.642399999999998694e-02 8.581690589999999008e-02 5.119375829999999947e-03
8.676300000000002066e-02 8.316411789999998694e-02 4.998893330000000329e-03
8.710299999999999987e-02 8.227683520000000916e-02 5.072376150000000236e-03
8.744200000000001971e-02 7.751829059999999771e-02 4.901794049999999917e-03
8.778199999999999892e-02 8.653183039999996773e-02 4.900173409999999952e-03
8.812100000000001876e-02 7.661846169999998735e-02 4.891306169999999967e-03
8.846099999999999797e-02 8.195842389999999367e-02 4.895561720000000255e-03
8.880100000000000493e-02 8.430990450000000469e-02 4.842960410000000417e-03
8.914000000000001089e-02 8.028010369999998008e-02 4.864675100000000196e-03
8.948000000000001786e-02 8.290369259999999518e-02 4.957282129999999835e-03
8.981900000000000994e-02 8.195798839999998697e-02 4.975367510000000201e-03
9.015899999999998915e-02 7.402360869999997928e-02 4.721136840000000022e-03
9.049899999999998224e-02 7.832973910000000373e-02 4.757042530000000005e-03
9.083800000000001595e-02 7.469106860000000736e-02 4.646942020000000180e-03
9.117799999999999516e-02 7.308745419999998494e-02 4.646989770000000200e-03
9.151700000000000113e-02 7.974109109999999445e-02 4.829932050000000122e-03
9.185699999999998033e-02 7.734728239999998090e-02 4.650717510000000089e-03
9.219599999999998630e-02 7.194517290000000675e-02 4.623437349999999675e-03
9.253599999999997938e-02 7.197678199999998916e-02 4.530725349999999672e-03
9.287600000000000022e-02 7.014981210000000023e-02 4.470350310000000167e-03
9.321500000000000619e-02 7.395960990000001456e-02 4.535628400000000018e-03
9.355500000000001315e-02 7.643262490000000964e-02 4.615039829999999753e-03
9.389399999999999136e-02 6.517083880000000551e-02 4.553431079999999825e-03
9.423399999999999832e-02 6.912582089999999568e-02 4.476154040000000257e-03
9.457400000000000528e-02 6.418588390000000421e-02 4.310903510000000174e-03
9.491299999999998349e-02 6.287444870000000186e-02 4.320338509999999653e-03
9.525300000000000433e-02 6.174706459999999147e-02 4.235472639999999719e-03
9.559199999999998254e-02 6.733068879999998257e-02 4.377729099999999943e-03
9.593200000000001726e-02 6.660966789999998861e-02 4.399610089999999619e-03
9.627099999999999547e-02 5.520670009999999184e-02 4.247490419999999656e-03
9.661100000000000243e-02 5.791768639999999441e-02 4.038007120000000096e-03
9.695099999999998164e-02 6.333220699999998760e-02 4.139388400000000058e-03
9.728999999999997372e-02 5.998165480000000604e-02 4.144716520000000202e-03
9.762999999999996681e-02 6.163548390000001681e-02 4.199554109999999868e-03
9.796899999999998665e-02 5.665473709999999108e-02 4.006043669999999855e-03
9.830899999999997974e-02 5.831725000000000103e-02 4.078502200000000411e-03
9.864799999999999958e-02 5.264832529999999983e-02 3.918056090000000130e-03
9.898800000000000654e-02 4.740438849999999843e-02 3.840220880000000045e-03
9.932800000000001350e-02 5.588927670000000403e-02 3.977096959999999910e-03
9.966700000000000559e-02 4.761044059999999106e-02 3.878241379999999936e-03
1.000069999999999848e-01 5.747880439999999286e-02 3.964157000000000271e-03
1.003460000000000046e-01 5.160203679999999377e-02 3.875545140000000079e-03
1.006859999999999977e-01 5.358813960000000792e-02 3.795834410000000197e-03
1.010260000000000047e-01 4.828857889999998987e-02 3.828853010000000077e-03
1.013649999999999968e-01 4.572376129999999872e-02 3.719071559999999940e-03
1.017050000000000037e-01 4.715696529999999220e-02 3.713601830000000121e-03
1.020439999999999958e-01 4.677812919999999736e-02 3.810541780000000107e-03
1.023839999999999889e-01 4.770344699999998911e-02 3.698843050000000070e-03
1.027229999999999949e-01 5.265749170000001006e-02 3.833092550000000154e-03
1.030630000000000018e-01 4.376612470000000588e-02 3.601913019999999910e-03
1.034029999999999810e-01 4.703714810000000912e-02 3.554705549999999988e-03
1.037420000000000148e-01 4.929188789999999071e-02 3.754059540000000139e-03
1.040819999999999940e-01 4.674791580000000474e-02 3.668941570000000107e-03
1.044209999999999861e-01 4.787563200000000130e-02 3.646599080000000048e-03
1.047610000000000069e-01 4.365350709999999551e-02 3.534099320000000204e-03
1.051010000000000000e-01 4.734557100000000296e-02 3.629711849999999948e-03
1.054400000000000059e-01 5.448457450000000757e-02 3.759520699999999941e-03
1.057799999999999851e-01 4.126960249999999525e-02 3.538203010000000141e-03
1.061190000000000050e-01 4.834456460000000066e-02 3.651999469999999814e-03
1.064590000000000120e-01 4.339192559999999199e-02 3.419026789999999802e-03
1.067979999999999902e-01 3.741811569999999726e-02 3.577900949999999851e-03
1.071379999999999971e-01 4.227422620000000075e-02 3.623631930000000174e-03
1.074780000000000041e-01 4.167787480000000738e-02 3.480267200000000064e-03
1.078169999999999962e-01 4.131657569999998975e-02 3.531207260000000011e-03
1.081570000000000170e-01 4.390401089999999146e-02 3.529112080000000162e-03
1.084959999999999952e-01 3.926177759999999878e-02 3.358990269999999854e-03
1.088359999999999883e-01 4.584267949999999009e-02 3.499834150000000112e-03
1.091760000000000091e-01 3.786151499999999837e-02 3.306378630000000093e-03
1.095150000000000151e-01 4.321485889999999996e-02 3.489576989999999823e-03
1.098549999999999804e-01 4.025221009999999100e-02 3.281353449999999811e-03
1.101939999999999864e-01 4.336861720000000781e-02 3.365169549999999857e-03
1.105339999999999934e-01 3.810801660000000951e-02 3.306649389999999789e-03
1.108729999999999855e-01 3.749692340000000679e-02 3.366853429999999963e-03
1.112130000000000063e-01 4.392346020000000711e-02 3.344422970000000134e-03
1.115529999999999994e-01 3.428591790000000417e-02 3.148779820000000181e-03
1.118920000000000053e-01 3.191358919999999488e-02 3.167087580000000138e-03
1.122320000000000123e-01 3.668022609999999767e-02 3.298868759999999938e-03
1.125710000000000044e-01 3.892973329999999815e-02 3.286727699999999943e-03
1.129110000000000114e-01 4.243016099999999402e-02 3.379220559999999984e-03
1.132499999999999896e-01 3.682127339999999305e-02 3.338190119999999948e-03
1.135900000000000104e-01 3.241226129999999483e-02 3.114360369999999868e-03
1.139300000000000035e-01 3.830268649999999525e-02 3.081790410000000147e-03
1.142689999999999956e-01 3.981856850000000531e-02 3.213432469999999864e-03
1.146090000000000164e-01 3.659366069999999554e-02 3.231368520000000178e-03
1.149479999999999946e-01 4.019671179999999983e-02 3.344023550000000192e-03
1.152880000000000155e-01 3.694980080000000860e-02 3.260797709999999940e-03
1.156279999999999947e-01 3.545652020000000793e-02 3.052862920000000164e-03
1.159669999999999868e-01 3.468771660000000839e-02 3.124479710000000084e-03
1.163069999999999937e-01 3.279040169999999921e-02 2.969082630000000143e-03
1.166460000000000136e-01 3.088823540000000187e-02 3.052372439999999788e-03
1.169860000000000066e-01 3.482163490000000222e-02 3.027794759999999884e-03
1.173249999999999849e-01 3.614205890000000976e-02 3.092071830000000209e-03
1.176650000000000057e-01 2.878563960000000282e-02 2.926253939999999901e-03
1.180049999999999988e-01 3.578924940000000054e-02 3.125392949999999948e-03
1.183439999999999909e-01 2.896609940000000397e-02 3.039225100000000034e-03
1.186839999999999978e-01 3.133088650000000197e-02 2.934252330000000023e-03
1.190229999999999899e-01 3.489822360000000706e-02 3.075724990000000113e-03
1.193629999999999969e-01 3.063697389999999257e-02 2.947506229999999859e-03
1.197030000000000038e-01 2.965960989999999811e-02 2.875991520000000141e-03
1.200419999999999821e-01 2.714786910000000636e-02 2.938703400000000111e-03
1.203820000000000029e-01 2.504548579999999955e-02 2.796263609999999952e-03
1.207210000000000089e-01 2.804441480000000389e-02 2.845218459999999949e-03
1.210610000000000019e-01 2.983966509999999572e-02 2.960310490000000062e-03
1.213999999999999801e-01 2.996798470000000547e-02 2.800017740000000210e-03
1.217399999999999871e-01 3.184613329999999576e-02 2.899085359999999893e-03
1.220799999999999802e-01 3.378046979999999727e-02 2.936416280000000035e-03
1.224190000000000139e-01 2.726837290000000413e-02 2.872828579999999864e-03
1.227590000000000070e-01 2.730562790000000059e-02 2.886253840000000195e-03
1.230979999999999852e-01 2.515320620000000354e-02 2.782463969999999804e-03
1.234380000000000061e-01 2.838172419999999974e-02 2.840785929999999938e-03
1.237779999999999991e-01 3.080285299999999463e-02 2.803976740000000203e-03
1.241170000000000051e-01 2.822434639999999925e-02 2.832362450000000097e-03
1.244570000000000121e-01 2.230946050000000291e-02 2.714394440000000158e-03
1.247959999999999903e-01 2.696956970000000814e-02 2.649541440000000025e-03
1.251359999999999972e-01 1.979201800000000497e-02 2.627415939999999846e-03
1.254750000000000032e-01 2.880419630000000120e-02 2.783687520000000058e-03
1.258150000000000102e-01 2.366223569999999915e-02 2.688576370000000069e-03
1.261549999999999894e-01 2.440009780000000281e-02 2.585906629999999880e-03
1.264939999999999953e-01 2.350867959999999521e-02 2.664261590000000044e-03
1.268339999999999745e-01 1.935895779999999983e-02 2.681623259999999995e-03
1.271730000000000083e-01 2.204100059999999917e-02 2.764215469999999845e-03
1.275129999999999875e-01 2.273908539999999756e-02 2.710487299999999808e-03
1.278529999999999944e-01 2.512796759999999865e-02 2.781508639999999855e-03
1.281920000000000004e-01 1.743958610000000131e-02 2.600522709999999842e-03
1.285320000000000074e-01 2.261186030000000499e-02 2.566803810000000113e-03
1.288710000000000411e-01 2.604049370000000030e-02 2.740479909999999925e-03
1.292109999999999925e-01 2.168852099999999880e-02 2.548518059999999811e-03
1.295499999999999985e-01 2.176278569999999871e-02 2.509928920000000039e-03
1.298900000000000055e-01 2.067954379999999842e-02 2.520426530000000141e-03
1.302300000000000124e-01 2.437167690000000345e-02 2.667077290000000045e-03
1.305689999999999629e-01 2.780890769999999276e-02 2.630185970000000189e-03
1.309089999999999976e-01 1.792590070000000049e-02 2.464026319999999826e-03
1.312480000000000036e-01 1.977622320000000170e-02 2.521893920000000105e-03
1.315879999999999828e-01 2.252653040000000134e-02 2.498085770000000108e-03
1.319269999999999887e-01 1.967990010000000498e-02 2.520088770000000148e-03
1.322670000000000234e-01 2.221308420000000713e-02 2.524936159999999988e-03
1.326070000000000026e-01 1.730174489999999898e-02 2.471144560000000136e-03
1.329460000000000086e-01 1.799298980000000464e-02 2.449862629999999784e-03
1.332859999999999878e-01 1.417996560000000204e-02 2.451470229999999813e-03
1.336249999999999938e-01 1.867809820000000329e-02 2.428039669999999817e-03
1.339650000000000285e-01 1.703568730000000128e-02 2.448844290000000076e-03
1.343050000000000077e-01 1.781179000000000442e-02 2.492433870000000055e-03
1.346440000000000137e-01 2.022565549999999490e-02 2.431696020000000038e-03
1.349839999999999929e-01 1.728221729999999956e-02 2.407473529999999869e-03
1.353229999999999988e-01 1.734693050000000319e-02 2.430628519999999872e-03
1.356630000000000058e-01 1.856526730000000389e-02 2.379984419999999976e-03
1.360020000000000395e-01 1.556790880000000210e-02 2.428063519999999927e-03
1.363419999999999632e-01 1.850080369999999516e-02 2.472295580000000072e-03
1.366819999999999979e-01 1.659559849999999587e-02 2.383257269999999959e-03
1.370210000000000039e-01 1.374881559999999864e-02 2.487499910000000054e-03
1.373610000000000109e-01 1.728681579999999732e-02 2.416823069999999955e-03
1.376999999999999891e-01 1.356108919999999586e-02 2.480955219999999954e-03
1.380399999999999683e-01 1.594989899999999655e-02 2.359482679999999871e-03
1.383800000000000030e-01 2.050932279999999677e-02 2.535692070000000135e-03
1.387190000000000367e-01 1.653561239999999655e-02 2.461733670000000162e-03
1.390589999999999882e-01 1.769032489999999500e-02 2.417682540000000001e-03
1.393979999999999664e-01 1.497976309999999971e-02 2.410357960000000192e-03
1.397380000000000289e-01 1.647930159999999589e-02 2.514566399999999900e-03
1.400770000000000071e-01 1.308400589999999912e-02 2.447633270000000062e-03
1.404169999999999585e-01 1.427377529999999950e-02 2.468069629999999903e-03
1.407570000000000210e-01 1.560771640000000425e-02 2.477331860000000184e-03
1.410959999999999992e-01 1.257922079999999714e-02 2.467150259999999814e-03
1.414360000000000062e-01 1.445325360000000031e-02 2.419196760000000192e-03
