3.820000000000001346e-03 3.806772220000000573e+01 1.952207610000000093e+00
3.990000000000001358e-03 3.121267960000000485e+01 1.732713310000000062e+00
4.160000000000000503e-03 3.122610180000000213e+01 1.608943019999999891e+00
4.330000000000001383e-03 2.888607250000000448e+01 1.554411060000000067e+00
4.498999999999999527e-03 2.784098610000000207e+01 1.421128820000000070e+00
4.668999999999997805e-03 2.562224729999999795e+01 1.379103919999999928e+00
4.839000000000002154e-03 2.677873549999999980e+01 1.342692339999999929e+00
5.009000000000003033e-03 2.586828759999999860e+01 1.290463190000000093e+00
5.178999999999999576e-03 2.477462359999999819e+01 1.282413239999999899e+00
5.347999999999998588e-03 2.300659680000000407e+01 1.159766759999999897e+00
5.518000000000000335e-03 2.162794320000000070e+01 1.076985869999999901e+00
5.688000000000000347e-03 2.250842249999999822e+01 1.121311820000000070e+00
5.858000000000001227e-03 1.977500910000000189e+01 1.036406939999999999e+00
6.027999999999998637e-03 2.157080059999999833e+01 1.051741709999999941e+00
6.197000000000001119e-03 1.949865760000000137e+01 9.355872250000000223e-01
6.367000000000001998e-03 2.159590890000000485e+01 1.008512120000000012e+00
6.536999999999999408e-03 1.944188430000000167e+01 9.406819880000000245e-01
6.707000000000002023e-03 1.993879989999999580e+01 9.354643940000000324e-01
6.877000000000001168e-03 1.977866240000000531e+01 9.181078179999999644e-01
7.045999999999998445e-03 1.998298239999999737e+01 8.934917620000000227e-01
7.216000000000001059e-03 1.971594150000000312e+01 9.135054860000000332e-01
7.386000000000001071e-03 1.940384520000000279e+01 8.639545490000000161e-01
7.556000000000001084e-03 1.938761999999999830e+01 8.643357910000000199e-01
7.726000000000001096e-03 1.936856280000000297e+01 8.448214469999999476e-01
7.895000000000002710e-03 1.705811629999999823e+01 7.980957619999999864e-01
8.064999999999999253e-03 1.843871559999999832e+01 8.439710360000000078e-01
8.235000000000002734e-03 1.943370050000000049e+01 8.094627039999999774e-01
8.404999999999997543e-03 1.931749080000000163e+01 8.010160349999999596e-01
8.574000000000000024e-03 2.112341649999999760e+01 8.305369719999999845e-01
8.743999999999996567e-03 1.838981850000000406e+01 7.895032610000000117e-01
8.913999999999996579e-03 2.034802729999999471e+01 8.180708580000000119e-01
9.083999999999996591e-03 2.092903430000000142e+01 7.873377419999999516e-01
9.254000000000001808e-03 2.169225599999999687e+01 8.348864529999999728e-01
9.422999999999995616e-03 2.238043139999999198e+01 8.082649720000000260e-01
9.593000000000002567e-03 2.106926209999999600e+01 7.981301899999999616e-01
9.762999999999997375e-03 2.166313399999999589e+01 7.877126460000000163e-01
9.933000000000006061e-03 2.348711889999999869e+01 8.160564430000000202e-01
1.010299999999999913e-02 2.425665359999999993e+01 8.410365690000000116e-01
1.027200000000000162e-02 2.387527670000000413e+01 7.979830150000000177e-01
1.044200000000000163e-02 2.361441809999999819e+01 8.094143999999999783e-01
1.061200000000000164e-02 2.537070860000000749e+01 8.039190550000000490e-01
1.078200000000000165e-02 2.619997089999999673e+01 8.271494320000000178e-01
1.095199999999999819e-02 2.693682560000000237e+01 8.494557510000000367e-01
1.112099999999999894e-02 2.649794069999999380e+01 8.050726879999999808e-01
1.129099999999999722e-02 2.838490519999999862e+01 8.478109929999999572e-01
1.146100000000000070e-02 3.027140879999999967e+01 8.572865670000000549e-01
1.163100000000000071e-02 2.996527190000000829e+01 8.562504050000000477e-01
1.180000000000000319e-02 2.991540940000000148e+01 8.480666390000000110e-01
1.197000000000000321e-02 3.081586310000000140e+01 8.330859449999999944e-01
1.213999999999999801e-02 3.135733240000000421e+01 8.622930650000000252e-01
1.231000000000000150e-02 3.029959249999999926e+01 8.318279920000000160e-01
1.247999999999999977e-02 3.140892330000000854e+01 8.400712449999999665e-01
1.264899999999999879e-02 3.086929990000000501e+01 8.283977409999999653e-01
1.281900000000000400e-02 2.905916229999999700e+01 7.902352249999999856e-01
1.298900000000000055e-02 2.843744359999999816e+01 7.989984980000000014e-01
1.315900000000000056e-02 2.773114669999999293e+01 7.598150470000000212e-01
1.332899999999999884e-02 2.746861239999999782e+01 7.626589209999999897e-01
1.349799999999999785e-02 2.628159139999999638e+01 7.335624290000000158e-01
1.366800000000000133e-02 2.435586440000000152e+01 7.102284410000000436e-01
1.383799999999999614e-02 2.275659960000000481e+01 6.923280710000000449e-01
1.400799999999999788e-02 2.106145559999999506e+01 6.375511560000000078e-01
1.417800000000000137e-02 1.898076740000000129e+01 6.136484190000000005e-01
1.434700000000000038e-02 1.954653019999999586e+01 6.169508900000000295e-01
1.451699999999999866e-02 1.706251289999999798e+01 5.772577660000000055e-01
1.468699999999999867e-02 1.575204310000000163e+01 5.506192699999999940e-01
1.485699999999999868e-02 1.610540740000000071e+01 5.419028190000000356e-01
1.502699999999999869e-02 1.447050889999999690e+01 5.231545399999999457e-01
1.519600000000000291e-02 1.306573539999999944e+01 4.960187110000000010e-01
1.536599999999999772e-02 1.285244329999999913e+01 4.885282590000000202e-01
1.553600000000000293e-02 1.186664260000000226e+01 4.589620979999999850e-01
1.570599999999999774e-02 1.036731079999999849e+01 4.293668460000000242e-01
1.587500000000000022e-02 1.057140219999999786e+01 4.421756530000000018e-01
1.604500000000000023e-02 9.367210169999999891e+00 4.041573299999999813e-01
1.621499999999999678e-02 9.213301760000000229e+00 4.055846909999999972e-01
1.638499999999999679e-02 8.610564220000000546e+00 3.826385889999999734e-01
1.655500000000000027e-02 7.726978139999999939e+00 3.638660830000000068e-01
1.672399999999999581e-02 7.621101959999998954e+00 3.635317310000000246e-01
1.689400000000000276e-02 7.597819369999999850e+00 3.516047649999999858e-01
1.706399999999999931e-02 7.605415549999999136e+00 3.560287839999999870e-01
1.723399999999999932e-02 6.949814560000000085e+00 3.376749700000000187e-01
1.740399999999999933e-02 6.696172489999999478e+00 3.539294250000000197e-01
1.757299999999999487e-02 6.421307100000000823e+00 3.314093929999999966e-01
1.774299999999999836e-02 6.662802830000000398e+00 3.408694329999999995e-01
1.791300000000000184e-02 5.607925429999999878e+00 3.172947520000000132e-01
1.808299999999999838e-02 5.519065319999999275e+00 3.100074489999999905e-01
1.825300000000000186e-02 5.501781489999999941e+00 3.117752010000000018e-01
1.842200000000000087e-02 5.276339989999999425e+00 3.002172819999999742e-01
1.859200000000000089e-02 5.032908110000000157e+00 2.982163769999999769e-01
1.876199999999999743e-02 4.638300760000000800e+00 2.972905450000000172e-01
1.893200000000000438e-02 5.360315130000000039e+00 2.995061050000000225e-01
1.910200000000000092e-02 5.471275519999998949e+00 3.176663149999999769e-01
1.927099999999999647e-02 5.245691659999999423e+00 3.038887869999999936e-01
1.944099999999999648e-02 4.679924169999999606e+00 2.886910260000000172e-01
1.961099999999999649e-02 4.727506489999998784e+00 2.939997699999999936e-01
1.978099999999999997e-02 4.704789210000000388e+00 2.808405230000000086e-01
1.994999999999999551e-02 5.201090579999999797e+00 2.981487079999999845e-01
2.012000000000000247e-02 4.389079289999999745e+00 2.757289490000000010e-01
2.028999999999999901e-02 5.333985030000000016e+00 3.058702260000000228e-01
2.046000000000000249e-02 4.869373930000000072e+00 2.866009899999999999e-01
2.062999999999999903e-02 4.785376490000000871e+00 2.814111490000000271e-01
2.079900000000000151e-02 4.361777360000000492e+00 2.772705710000000212e-01
2.096900000000000153e-02 4.390846639999999468e+00 2.708450239999999898e-01
2.113899999999999807e-02 4.637647819999999754e+00 2.901087909999999770e-01
2.130899999999999461e-02 4.230427049999999412e+00 2.634563369999999849e-01
2.147900000000000156e-02 4.460538559999999819e+00 2.734006330000000040e-01
2.164800000000000058e-02 4.407998019999999961e+00 2.780018570000000189e-01
2.181800000000000406e-02 4.414821060000001296e+00 2.696684719999999924e-01
2.198799999999999713e-02 4.654851980000000111e+00 2.837266190000000132e-01
2.215800000000000061e-02 5.092274160000000549e+00 2.826373269999999938e-01
2.232799999999999715e-02 4.283854230000000207e+00 2.713871119999999859e-01
2.249699999999999617e-02 4.837885909999999789e+00 2.889621980000000034e-01
2.266700000000000312e-02 4.453351480000000251e+00 2.667559809999999754e-01
2.283699999999999619e-02 4.205646490000000348e+00 2.710746459999999747e-01
2.300699999999999967e-02 4.110734680000000196e+00 2.591100100000000017e-01
2.317699999999999622e-02 4.557422029999999680e+00 2.706279520000000050e-01
2.334599999999999870e-02 4.103742950000000000e+00 2.542327919999999852e-01
2.351599999999999871e-02 4.068813190000000191e+00 2.566598600000000174e-01
2.368599999999999872e-02 4.018219610000000053e+00 2.491947609999999869e-01
2.385599999999999873e-02 3.236005340000000174e+00 2.240733059999999999e-01
2.402500000000000122e-02 3.540981530000000266e+00 2.318443930000000097e-01
2.419499999999999776e-02 3.539703320000000097e+00 2.234283569999999941e-01
2.436500000000000124e-02 3.642404749999999858e+00 2.280729420000000007e-01
2.453499999999999778e-02 3.068387580000000003e+00 2.122479479999999918e-01
2.470500000000000126e-02 3.294459149999999781e+00 2.188028099999999865e-01
2.487399999999999334e-02 3.091563900000000142e+00 2.071444169999999974e-01
2.504400000000000376e-02 3.002616610000000019e+00 2.009152820000000006e-01
2.521400000000000724e-02 2.703427350000000118e+00 1.947395050000000072e-01
2.538400000000000725e-02 2.484548409999999929e+00 1.879120430000000008e-01
2.555400000000000726e-02 2.335443349999999807e+00 1.814138640000000080e-01
2.572300000000000281e-02 2.517792589999999997e+00 1.867891459999999892e-01
2.589300000000000282e-02 2.220414760000000154e+00 1.701529770000000108e-01
2.606299999999999936e-02 2.228175230000000173e+00 1.714090440000000104e-01
2.623300000000000284e-02 2.013863709999999863e+00 1.609998549999999973e-01
2.640300000000000286e-02 1.981673699999999982e+00 1.600143209999999871e-01
2.657199999999999493e-02 1.606628429999999996e+00 1.498871979999999993e-01
2.674199999999999841e-02 1.622399219999999920e+00 1.517549460000000017e-01
2.691200000000000189e-02 1.545226219999999984e+00 1.424771750000000115e-01
2.708200000000000190e-02 1.450324670000000093e+00 1.339444069999999876e-01
2.725100000000000092e-02 1.519883569999999962e+00 1.388714199999999954e-01
2.742100000000000093e-02 1.272878909999999975e+00 1.318008139999999884e-01
2.759099999999999400e-02 1.129096789999999961e+00 1.149107530000000044e-01
2.776100000000000789e-02 1.072080010000000083e+00 1.177978590000000048e-01
2.793100000000000097e-02 9.092545210000000377e-01 1.123783869999999963e-01
2.809999999999999304e-02 8.995619719999999875e-01 1.089368180000000047e-01
2.826999999999999652e-02 8.310063389999999828e-01 1.041649070000000010e-01
2.843999999999999653e-02 8.342606639999999851e-01 1.066473700000000052e-01
2.861000000000000001e-02 7.270214670000000323e-01 1.015093710000000010e-01
2.878000000000000350e-02 8.619162310000000327e-01 9.793191910000000056e-02
2.894899999999999904e-02 8.113454209999999556e-01 9.827426240000000646e-02
2.911899999999999905e-02 6.974570500000000228e-01 9.547391040000000051e-02
2.928900000000000253e-02 5.362224119999999816e-01 9.285347739999999517e-02
2.945899999999999561e-02 4.983852040000000261e-01 8.975349309999999803e-02
2.962899999999999562e-02 5.863101579999999702e-01 8.105311950000000654e-02
2.979800000000000504e-02 4.067151990000000272e-01 7.887379399999999707e-02
2.996799999999999811e-02 5.503905059999999461e-01 8.311672039999999650e-02
3.013800000000000159e-02 5.013890359999999546e-01 8.548236180000000350e-02
3.030800000000000161e-02 4.686065079999999772e-01 8.455869509999999756e-02
3.047800000000000162e-02 4.099724949999999923e-01 7.575658059999999805e-02
3.064699999999999716e-02 1.949500659999999774e-01 6.491157409999999406e-02
3.081699999999999370e-02 3.013185930000000234e-01 6.398668059999999824e-02
3.098700000000000412e-02 3.131255210000000733e-01 6.349887989999999927e-02
3.115699999999999373e-02 2.853763440000000040e-01 6.922747529999999372e-02
3.132599999999999968e-02 1.956576989999999905e-01 5.598835769999999795e-02
3.149600000000000316e-02 3.658592319999999787e-01 6.656026319999999719e-02
3.166599999999999970e-02 2.216817610000000049e-01 6.335919710000000038e-02
3.183599999999999625e-02 3.033433429999999320e-01 6.675953530000000580e-02
3.200600000000000667e-02 2.013497290000000328e-01 6.880248919999999713e-02
3.217500000000000221e-02 2.519484959999999663e-01 6.060488530000000124e-02
3.234499999999999875e-02 2.857309429999999595e-01 5.713878129999999667e-02
3.251500000000000917e-02 1.484540000000000026e-01 5.253778679999999979e-02
3.268499999999999184e-02 1.806393359999999837e-01 5.150846900000000117e-02
3.285499999999999532e-02 1.447830880000000042e-01 5.105004569999999769e-02
3.302400000000000474e-02 1.794776190000000327e-01 5.710054030000000225e-02
3.319400000000000822e-02 2.203740969999999633e-01 5.619943820000000007e-02
3.336399999999999783e-02 1.831726300000000029e-01 5.444647190000000136e-02
3.353400000000000825e-02 1.990568819999999906e-01 5.224020270000000188e-02
3.370399999999999785e-02 7.527732920000000660e-02 5.279939050000000134e-02
3.387300000000000727e-02 9.560993179999997815e-02 4.046588410000000191e-02
3.404299999999999687e-02 2.106595860000000098e-01 6.386457719999999449e-02
3.421300000000000036e-02 2.225914410000000287e-01 5.484485850000000301e-02
3.438299999999999690e-02 1.397945429999999933e-01 5.281660259999999829e-02
3.455300000000000732e-02 7.802828460000001132e-02 5.274414969999999953e-02
3.472199999999999592e-02 1.407235980000000053e-01 5.504102250000000168e-02
3.489200000000000634e-02 5.600255549999999527e-02 5.050889580000000184e-02
3.506200000000000983e-02 1.178590590000000021e-01 4.141203090000000059e-02
3.523199999999999943e-02 8.840523179999998371e-02 4.665107849999999834e-02
3.540100000000000885e-02 2.167716399999999877e-01 5.673555300000000107e-02
3.557099999999999151e-02 1.442843209999999932e-01 4.644282510000000141e-02
3.574100000000000887e-02 1.492470860000000288e-01 4.288494909999999993e-02
3.591099999999999848e-02 1.269967280000000032e-01 5.385587210000000041e-02
3.608099999999999502e-02 1.551689559999999968e-01 5.608896099999999968e-02
3.625000000000000444e-02 1.524929490000000165e-01 4.721405499999999783e-02
3.642000000000000792e-02 6.859080649999999002e-02 3.848613669999999959e-02
3.658999999999999753e-02 2.819918160000000062e-01 5.027806850000000188e-02
3.676000000000000101e-02 1.105916380000000199e-01 4.326447340000000308e-02
3.693000000000000449e-02 1.542622330000000264e-01 4.404100069999999922e-02
3.709900000000000003e-02 8.059171059999999109e-02 4.449512700000000237e-02
3.726899999999998964e-02 1.303401020000000132e-01 5.145311419999999691e-02
3.743900000000000006e-02 2.081468230000000086e-01 5.328539809999999904e-02
3.760899999999999660e-02 1.975112040000000235e-01 4.354522050000000227e-02
3.777900000000000008e-02 1.949459960000000380e-01 4.655292820000000303e-02
3.794799999999999562e-02 1.616311990000000309e-01 4.617306329999999737e-02
3.811799999999999217e-02 1.707995820000000053e-01 4.770579669999999717e-02
3.828800000000000953e-02 1.927865410000000057e-01 4.816310260000000038e-02
3.845799999999999219e-02 1.783994369999999940e-01 5.274745640000000346e-02
3.862799999999999567e-02 1.957674730000000252e-01 5.068857599999999908e-02
3.879699999999999815e-02 1.893767749999999694e-01 5.798811190000000004e-02
3.896699999999999470e-02 7.443984780000001411e-02 5.546708360000000143e-02
3.913699999999999818e-02 3.119410240000000112e-01 5.884223660000000022e-02
3.930699999999999472e-02 2.831813289999999816e-01 5.591804429999999715e-02
3.947599999999999720e-02 2.773284300000000147e-01 5.579721440000000310e-02
3.964600000000000068e-02 1.975436359999999947e-01 5.315812030000000021e-02
3.981599999999999029e-02 6.854978560000000998e-02 5.110743780000000236e-02
3.998600000000000765e-02 1.444568549999999951e-01 5.396882969999999835e-02
4.015600000000000419e-02 1.858898340000000038e-01 5.486829349999999828e-02
4.032499999999999279e-02 2.347187209999999913e-01 5.580990050000000230e-02
4.049500000000000322e-02 2.225287579999999932e-01 5.262213560000000151e-02
4.066499999999999976e-02 2.037309449999999966e-01 4.777615460000000230e-02
4.083500000000000324e-02 2.484076060000000308e-01 5.288132470000000279e-02
4.100500000000000672e-02 2.207716060000000369e-01 4.872485540000000281e-02
4.117399999999999533e-02 1.410781720000000017e-01 5.302133810000000252e-02
4.134400000000000575e-02 2.026426330000000164e-01 4.770662810000000226e-02
4.151400000000000229e-02 1.688488890000000020e-01 4.955333320000000069e-02
4.168400000000000577e-02 1.901674040000000121e-01 4.977576050000000196e-02
4.185400000000000925e-02 2.467699809999999716e-01 4.774685050000000014e-02
4.202299999999999786e-02 2.479326010000000025e-01 5.394729580000000302e-02
4.219300000000000828e-02 3.146977690000000161e-01 5.883083430000000252e-02
4.236299999999999094e-02 1.790513800000000100e-01 5.310336940000000283e-02
4.253300000000000136e-02 3.335201230000000017e-01 5.508844069999999787e-02
4.270200000000000384e-02 1.775945569999999862e-01 4.782492189999999754e-02
4.287200000000000732e-02 8.940027070000000631e-02 5.281135420000000052e-02
4.304199999999999693e-02 3.369822920000000166e-01 5.365968439999999756e-02
4.321200000000000735e-02 2.015687150000000094e-01 5.068746910000000022e-02
4.338199999999999695e-02 2.938979460000000210e-01 5.333276189999999750e-02
4.355100000000001331e-02 2.259017299999999673e-01 5.431000899999999937e-02
4.372100000000000292e-02 2.319683060000000130e-01 5.267997759999999696e-02
4.389099999999999252e-02 1.378012279999999978e-01 4.466044069999999810e-02
4.406100000000000988e-02 3.271916999999999742e-01 5.223017070000000178e-02
4.423099999999999948e-02 2.107391879999999662e-01 4.773274770000000139e-02
4.440000000000000197e-02 2.114088440000000124e-01 4.785049599999999931e-02
4.456999999999999851e-02 2.495706089999999988e-01 5.006866320000000203e-02
4.474000000000000199e-02 1.909631450000000286e-01 4.985227650000000066e-02
4.490999999999999159e-02 1.763051760000000079e-01 4.967567120000000030e-02
4.508000000000000201e-02 2.568928039999999746e-01 4.792718990000000012e-02
4.524899999999999756e-02 1.110530889999999937e-01 3.981619890000000217e-02
4.541900000000000104e-02 1.107156420000000169e-01 4.383530869999999885e-02
4.558899999999999758e-02 2.734383570000000208e-01 4.983811870000000310e-02
4.575900000000000800e-02 2.377705910000000311e-01 4.785218509999999981e-02
4.592900000000001148e-02 1.514083250000000103e-01 5.278712309999999963e-02
4.609800000000000703e-02 1.101334630000000009e-01 4.595583050000000280e-02
4.626799999999998275e-02 1.980578939999999843e-01 4.334776919999999700e-02
4.643800000000000011e-02 2.322349340000000317e-01 4.648370959999999913e-02
4.660800000000000359e-02 2.188889440000000020e-01 5.559112019999999654e-02
4.677700000000000607e-02 9.933453420000000478e-02 3.863910450000000024e-02
4.694700000000000956e-02 1.971960490000000121e-01 4.438826650000000235e-02
4.711699999999999222e-02 1.461813259999999726e-01 4.501040900000000122e-02
4.728699999999999570e-02 1.472021500000000038e-01 4.107492670000000012e-02
4.745699999999999225e-02 1.531352989999999747e-01 4.703364370000000239e-02
4.762600000000001554e-02 1.324720460000000100e-01 4.508738369999999718e-02
4.779599999999998433e-02 1.024616730000000031e-01 4.180858529999999934e-02
4.796600000000000169e-02 2.051670260000000023e-01 4.252851280000000123e-02
4.813599999999999129e-02 2.215950670000000344e-01 4.313638890000000281e-02
4.830599999999999478e-02 1.902282070000000103e-01 4.382705159999999989e-02
4.847500000000000420e-02 7.078739000000001946e-02 3.872483520000000179e-02
4.864500000000000768e-02 1.328207959999999910e-01 5.051408649999999945e-02
4.881500000000000422e-02 1.443587400000000132e-01 3.881806089999999959e-02
4.898499999999998689e-02 1.918856290000000020e-01 4.146580579999999822e-02
4.915499999999998343e-02 1.524832810000000261e-01 4.029503560000000095e-02
4.932399999999999285e-02 1.003374179999999977e-01 3.609769470000000202e-02
4.949399999999999633e-02 1.802483699999999911e-01 3.937330099999999944e-02
4.966399999999999981e-02 1.560856340000000009e-01 4.306044800000000117e-02
4.983400000000001023e-02 7.436406430000001844e-02 4.081593509999999897e-02
5.000399999999998596e-02 5.699400749999999904e-02 3.520773070000000199e-02
5.017300000000000926e-02 9.479950100000000823e-02 4.219002770000000041e-02
5.034299999999999192e-02 1.642693120000000007e-01 3.646841850000000218e-02
5.051300000000000928e-02 1.075399810000000067e-01 4.009826019999999935e-02
5.068299999999999195e-02 1.240681520000000149e-01 4.624072070000000145e-02
5.085199999999999443e-02 1.264204409999999945e-01 4.050651599999999936e-02
5.102199999999999097e-02 3.901584820000000148e-02 3.631844979999999945e-02
5.119200000000001527e-02 1.318794300000000197e-01 3.547730899999999854e-02
5.136199999999999100e-02 1.958121149999999810e-01 3.842274180000000011e-02
5.153200000000000142e-02 1.139114959999999871e-01 3.569661140000000149e-02
5.170100000000000390e-02 7.663986529999999853e-02 3.668517300000000148e-02
5.187100000000000044e-02 1.391197879999999942e-01 3.840204049999999814e-02
5.204099999999999698e-02 5.183691680000000745e-02 2.653013460000000143e-02
5.221099999999999353e-02 1.566076449999999898e-01 3.789328950000000334e-02
5.238100000000000395e-02 7.697417509999998630e-02 3.396738080000000215e-02
5.255000000000001337e-02 1.032457819999999943e-01 3.793045999999999918e-02
5.271999999999999603e-02 1.329194079999999889e-02 3.603876310000000277e-02
5.288999999999999951e-02 8.819272440000000546e-02 3.084412209999999946e-02
5.305999999999999606e-02 1.050778639999999930e-01 3.572629489999999686e-02
5.322999999999999954e-02 7.333196459999999361e-02 2.858020959999999985e-02
5.339899999999998814e-02 5.119873190000000934e-02 3.594273989999999946e-02
5.356899999999999162e-02 6.578088579999999408e-02 3.214947989999999978e-02
5.373899999999999511e-02 8.005065189999999165e-02 3.184684780000000132e-02
5.390899999999999859e-02 4.795959760000000072e-02 3.403280999999999668e-02
5.407899999999998819e-02 6.300531919999999286e-02 3.471215619999999669e-02
5.424800000000000455e-02 4.724018099999999221e-02 3.092858880000000019e-02
5.441800000000000109e-02 4.442319510000000693e-02 2.637325899999999959e-02
5.458800000000001151e-02 8.882162819999997461e-02 3.428953249999999731e-02
5.475800000000000112e-02 9.725713350000000923e-02 3.343853599999999787e-02
5.492700000000000360e-02 1.066515480000000127e-01 2.958525459999999940e-02
5.509700000000000014e-02 4.718664470000000916e-02 3.064921320000000074e-02
5.526700000000000362e-02 2.689228280000000373e-02 2.657773479999999897e-02
5.543700000000001404e-02 1.698140050000000040e-02 2.425318090000000079e-02
5.560699999999998283e-02 4.351375359999999637e-02 2.717614269999999929e-02
5.577599999999999225e-02 4.380063129999999666e-02 3.760924420000000268e-02
5.594600000000000961e-02 3.044445429999999633e-02 2.995573639999999857e-02
5.611600000000001309e-02 3.726889199999999097e-02 2.744095469999999898e-02
5.628600000000000964e-02 3.562471109999999774e-02 2.918649950000000090e-02
5.645599999999999230e-02 6.706368070000000292e-02 2.980216399999999904e-02
5.662500000000000172e-02 1.540795900000000059e-02 2.589881369999999863e-02
5.679499999999999826e-02 2.562413429999999687e-02 2.715580269999999866e-02
5.696499999999999481e-02 3.069484769999999280e-02 2.741498909999999858e-02
5.713499999999999135e-02 5.734443339999999167e-02 2.645686900000000091e-02
5.730500000000000177e-02 4.942655529999999409e-02 3.083580179999999976e-02
5.747399999999999037e-02 2.187321580000001035e-03 3.342713609999999752e-02
5.764399999999999386e-02 8.800569260000001837e-02 2.833746419999999891e-02
5.781399999999999040e-02 1.348804220000000137e-02 2.830266299999999874e-02
5.798399999999999388e-02 1.403203790000000402e-02 2.746050209999999908e-02
5.815299999999999636e-02 2.455606470000000138e-02 2.723702340000000097e-02
5.832300000000001372e-02 5.629663649999998992e-02 2.722294520000000106e-02
5.849300000000001026e-02 5.085274140000001220e-02 2.653770550000000145e-02
5.866299999999999293e-02 4.016314350000000505e-02 2.385702209999999990e-02
5.883300000000001029e-02 7.658065609999999135e-02 2.681208430000000045e-02
5.900199999999999889e-02 5.939326699999998571e-02 2.795548709999999895e-02
5.917199999999998850e-02 9.850630639999996552e-03 2.473662509999999953e-02
5.934199999999999198e-02 1.945095319999999919e-02 2.711763019999999941e-02
5.951199999999998852e-02 3.298122259999999861e-02 2.723691339999999989e-02
5.968200000000000588e-02 2.659402129999999947e-02 2.274135940000000106e-02
5.985100000000001530e-02 4.022788220000000914e-02 2.429492180000000084e-02
6.002099999999999796e-02 4.929811030000001010e-02 2.683961040000000173e-02
6.019099999999999451e-02 3.289313170000000147e-02 2.798484479999999858e-02
6.036099999999999105e-02 3.902178349999999019e-02 2.563431879999999996e-02
6.053099999999999453e-02 2.477508039999999981e-02 2.467157639999999902e-02
6.069999999999998314e-02 5.146698950000000439e-02 2.723160690000000009e-02
6.086999999999998662e-02 7.629928949999997302e-03 2.767368669999999836e-02
6.121000000000001440e-02 7.819113379999999280e-02 3.125697489999999801e-02
6.137999999999999706e-02 2.140904319999999486e-02 2.949454710000000077e-02
6.154899999999998567e-02 5.093458810000001113e-02 2.583776239999999863e-02
6.171899999999998915e-02 1.980636800000000128e-02 2.249391499999999974e-02
6.188899999999999263e-02 2.727876519999999916e-02 2.589060240000000054e-02
6.205900000000000305e-02 2.823761459999999182e-02 2.422410300000000030e-02
6.222800000000001247e-02 6.148317479999999835e-02 2.783755430000000100e-02
6.239799999999998820e-02 3.371521729999999578e-02 2.085328939999999895e-02
6.256799999999998474e-02 2.745575750000000398e-02 2.725956020000000132e-02
6.273800000000001598e-02 1.657959480000000332e-02 2.726007020000000003e-02
6.290800000000000558e-02 4.005736240000000448e-02 2.748621999999999871e-02
6.307700000000000806e-02 6.213439780000001161e-02 3.157838000000000311e-02
6.324699999999999767e-02 5.473751380000000527e-02 2.508127439999999903e-02
6.358700000000001851e-02 7.739781189999998812e-02 2.490546819999999925e-02
6.375699999999999423e-02 4.744697900000000718e-02 2.231489489999999992e-02
6.392599999999999671e-02 7.772481829999997906e-03 2.515741130000000159e-02
6.409600000000000020e-02 3.222352859999999541e-02 2.475322469999999969e-02
6.426600000000001756e-02 6.552437650000000890e-02 1.971388209999999988e-02
6.443599999999999328e-02 3.933193590000000350e-02 2.490766469999999844e-02
6.460600000000001064e-02 6.850532920000002024e-02 2.687625080000000111e-02
6.477499999999999925e-02 7.510830390000001501e-03 2.572922310000000032e-02
6.494499999999998885e-02 6.519271420000001538e-02 2.062422350000000029e-02
6.511500000000000621e-02 4.026173450000000015e-02 2.396050300000000105e-02
6.528499999999998193e-02 4.456822879999999126e-02 2.255753389999999928e-02
6.545499999999998542e-02 1.760850229999999864e-02 2.488121290000000138e-02
6.562399999999998790e-02 4.911854560000000758e-02 1.966350919999999836e-02
6.579400000000000526e-02 6.733070400000000510e-02 2.457530549999999842e-02
6.596399999999998098e-02 3.528723839999999695e-02 2.321580989999999858e-02
6.613399999999998446e-02 3.998639670000000285e-02 2.485900259999999917e-02
6.630300000000001470e-02 7.249567460000001795e-03 2.365061870000000066e-02
6.647299999999999043e-02 5.377408050000000855e-02 2.857232750000000127e-02
6.664299999999999391e-02 6.189345019999999142e-02 2.478538549999999979e-02
6.681299999999999739e-02 1.991581960000000234e-02 2.503390089999999943e-02
6.698299999999998700e-02 3.282713680000000356e-02 2.527132110000000070e-02
6.715200000000001723e-02 2.802882800000000216e-02 1.785934449999999896e-02
6.749199999999999644e-02 1.430769369999999527e-04 2.238942589999999913e-02
6.766199999999998604e-02 1.855804720000000033e-02 2.201659729999999940e-02
6.783199999999998953e-02 3.105285449999999406e-02 2.413836379999999976e-02
6.800100000000000589e-02 1.883554150000000052e-02 2.588358879999999931e-02
6.817099999999999549e-02 4.025883200000000134e-02 2.324599869999999929e-02
6.834099999999999897e-02 4.932498820000000977e-02 2.604250339999999997e-02
6.851100000000001633e-02 7.008855429999999442e-02 2.664579669999999831e-02
6.868099999999999206e-02 1.776314469999999701e-02 2.407373250000000020e-02
6.884999999999998066e-02 1.583134459999999827e-02 2.032341350000000171e-02
6.901999999999998414e-02 3.662683180000000233e-02 2.418277339999999956e-02
6.919000000000000150e-02 4.547684639999999973e-02 2.503372740000000055e-02
6.936000000000000498e-02 5.042764590000000519e-02 2.658940179999999889e-02
6.953000000000000846e-02 4.704055619999999299e-02 2.308830640000000128e-02
6.969899999999998319e-02 7.040200119999999451e-02 2.598893979999999937e-02
6.986900000000000055e-02 5.622887630000000803e-02 2.656348879999999996e-02
7.003900000000001791e-02 4.378336850000000280e-02 1.853122739999999921e-02
7.020899999999999364e-02 5.229781030000000414e-02 1.954075660000000048e-02
7.037799999999999612e-02 4.810073990000000160e-02 2.431490390000000043e-02
7.054799999999998572e-02 6.534680760000000088e-02 2.405342010000000030e-02
7.088800000000000656e-02 6.315480060000000506e-02 2.451664770000000146e-02
7.105799999999999617e-02 5.394289419999999391e-02 2.485173450000000006e-02
7.122699999999999865e-02 1.754920779999999750e-02 3.149617119999999909e-02
7.139699999999998825e-02 2.993976669999999854e-02 2.129252820000000074e-02
7.156699999999999173e-02 3.599444079999999241e-02 2.101349270000000061e-02
7.173700000000000909e-02 1.454571160000000044e-02 2.436550490000000124e-02
7.190700000000001257e-02 2.688367929999999767e-02 2.006074000000000052e-02
7.207600000000000118e-02 3.029288130000000120e-02 2.434835889999999864e-02
7.224599999999999078e-02 4.101493870000001013e-02 2.391663720000000021e-02
7.241600000000000814e-02 2.183581399999999506e-02 1.946076089999999870e-02
7.258599999999999774e-02 6.951658079999999997e-03 1.913911609999999902e-02
7.292500000000000371e-02 1.131251080000000159e-02 2.104527369999999870e-02
7.309499999999999331e-02 3.176636869999999169e-02 2.221088070000000123e-02
7.326499999999999679e-02 1.126538979999999746e-02 2.013935030000000084e-02
7.343499999999998640e-02 6.348981010000000029e-03 2.216626489999999963e-02
7.360400000000000276e-02 3.994385400000000086e-02 2.702371719999999838e-02
7.377400000000000624e-02 4.026151240000000464e-02 2.450918850000000093e-02
7.394399999999999584e-02 2.159860729999999590e-02 2.146783069999999918e-02
7.411400000000001320e-02 1.900791760000000372e-02 2.049192550000000085e-02
7.428400000000001668e-02 2.398300370000000861e-02 1.547268880000000034e-02
7.445300000000001917e-02 4.419838350000000748e-02 2.009739069999999864e-02
7.462300000000000877e-02 1.805687379999999613e-03 2.056863960000000074e-02
7.479299999999998450e-02 1.872357140000000322e-02 1.864583350000000028e-02
7.496299999999998798e-02 3.386160420000000615e-02 1.868249630000000036e-02
7.530199999999999394e-02 5.391373809999999711e-02 2.410197639999999905e-02
7.547199999999998354e-02 4.999663210000000746e-02 2.100174529999999928e-02
7.564200000000001478e-02 6.165654220000001129e-02 2.625183039999999871e-02
7.581200000000001826e-02 2.133603699999999520e-02 2.012959190000000037e-02
7.598199999999999399e-02 1.833349719999999988e-02 1.862083200000000036e-02
7.615099999999999647e-02 1.405906030000000397e-02 1.613839209999999927e-02
7.632099999999998607e-02 2.249741220000000402e-02 2.354386849999999878e-02
7.683100000000001040e-02 1.456128560000000127e-02 1.648944810000000163e-02
7.699999999999999900e-02 6.591809319999999972e-02 2.449091080000000142e-02
7.717000000000000248e-02 7.329144870000001144e-02 2.019227679999999886e-02
7.734000000000000596e-02 1.198146829999999739e-02 2.627157990000000137e-02
7.750999999999998169e-02 9.304342640000001774e-02 2.470274080000000108e-02
7.767899999999999805e-02 2.130579809999999866e-02 2.662431130000000173e-02
7.784900000000000153e-02 1.763138569999999836e-02 1.865807179999999857e-02
7.801899999999999114e-02 2.961460650000000486e-02 2.036653019999999994e-02
7.818899999999999462e-02 2.941996259999999155e-02 2.362844849999999955e-02
7.852799999999998670e-02 2.425328860000000586e-02 2.305587939999999975e-02
7.869800000000000406e-02 3.464337100000000613e-02 2.083604320000000121e-02
7.886799999999997979e-02 8.014588799999998459e-02 2.381142639999999852e-02
7.903799999999998327e-02 5.230344900000000880e-02 2.192044430000000127e-02
7.920799999999998675e-02 1.775942749999999751e-02 1.888282910000000162e-02
7.937700000000001699e-02 1.164464049999999751e-02 2.584255189999999994e-02
7.971699999999999620e-02 3.367385559999998279e-03 1.705337950000000019e-02
7.988699999999999968e-02 4.518838929999999948e-02 2.536588050000000011e-02
8.022599999999999176e-02 4.948072679999998558e-03 2.775297989999999868e-02
8.039599999999998137e-02 5.173218000000000955e-02 2.576138060000000146e-02
8.056600000000001260e-02 7.664606219999996542e-03 2.148520019999999864e-02
8.073600000000000221e-02 3.275960519999999293e-03 1.670706220000000089e-02
8.141500000000000126e-02 1.028955389999999543e-03 1.678452139999999856e-02
8.175399999999999334e-02 3.223203609999999997e-02 1.790397969999999936e-02
8.209399999999998643e-02 1.462232619999999893e-02 1.906110819999999942e-02
8.226400000000000379e-02 2.260602180000000072e-02 2.302415699999999996e-02
8.260300000000000975e-02 3.706707480000000915e-02 2.231067819999999965e-02
8.277300000000001323e-02 8.253986990000001731e-03 1.954415760000000057e-02
8.294299999999998896e-02 4.907520370000000715e-02 2.040400909999999859e-02
8.311300000000002020e-02 1.389675850000000185e-02 1.468848030000000082e-02
8.328300000000000980e-02 4.234630930000000959e-02 2.095353540000000070e-02
8.345199999999999840e-02 9.074125819999999051e-03 2.191262760000000157e-02
8.379200000000000537e-02 4.605286699999999039e-02 3.312425670000000016e-02
8.413199999999999845e-02 1.568192220000000012e-02 2.229984529999999923e-02
8.430100000000001481e-02 6.052075590000001622e-03 2.743130309999999850e-02
8.447100000000001829e-02 1.436862080000000236e-02 1.867843690000000126e-02
8.481100000000001138e-02 1.290078559999999555e-03 2.389241870000000101e-02
8.498099999999998710e-02 3.251301219999999659e-02 1.807112190000000063e-02
8.515000000000001734e-02 3.855155300000000923e-02 1.905624499999999943e-02
8.531999999999997919e-02 4.246607689999998964e-02 2.100728079999999998e-02
8.566000000000000003e-02 2.029937669999999812e-03 2.231930060000000132e-02
8.599900000000001987e-02 8.309585270000001064e-03 2.014783419999999908e-02
8.616900000000000948e-02 3.159006509999999490e-02 2.175393289999999827e-02
8.633899999999999908e-02 3.881427130000000142e-02 1.933575350000000040e-02
8.667799999999999117e-02 2.786984820000000529e-02 3.007198059999999923e-02
8.684799999999998077e-02 9.978564630000002350e-03 1.409514970000000020e-02
8.701800000000001201e-02 1.535963779999999744e-02 1.770297960000000170e-02
8.718800000000002937e-02 2.883076609999999512e-02 2.158199250000000097e-02
8.735800000000000509e-02 3.065153129999999976e-02 2.281408860000000080e-02
8.752700000000000757e-02 1.494893459999999986e-02 2.141139510000000107e-02
8.769699999999999718e-02 1.218863350000000054e-02 2.665988929999999965e-02
8.786700000000000066e-02 4.449495460000000430e-02 2.003159079999999870e-02
8.803699999999997639e-02 3.223342120000000088e-02 2.176186620000000044e-02
8.820700000000000762e-02 4.151416009999998012e-03 1.559709060000000029e-02
8.837599999999999623e-02 4.539457890000000995e-02 1.841025810000000013e-02
8.854600000000001359e-02 3.213530120000000073e-02 1.788810659999999844e-02
8.871599999999998931e-02 3.372449599999998490e-03 1.793691409999999958e-02
8.888600000000002055e-02 7.838681579999999538e-03 2.202362019999999990e-02
8.939499999999997448e-02 4.805898950000001002e-02 2.188589349999999975e-02
8.956499999999999184e-02 2.411723590000000410e-03 2.170491659999999878e-02
9.024399999999999089e-02 3.027477390000001250e-03 1.969732329999999976e-02
9.041399999999999437e-02 1.412981089999999947e-02 2.360067019999999988e-02
9.058400000000002561e-02 1.430287839999999817e-02 1.918569360000000126e-02
9.075300000000000034e-02 1.578856810000000069e-02 1.794715939999999912e-02
9.109300000000000730e-02 1.441810710000000426e-02 2.176138530000000168e-02
9.126300000000002466e-02 1.929556239999999714e-02 2.813736760000000101e-02
9.160199999999997511e-02 3.348855059999999301e-02 2.045796680000000131e-02
9.177199999999997859e-02 3.882716700000000271e-02 1.924323870000000172e-02
9.194200000000000983e-02 2.248220870000000593e-02 2.053191139999999831e-02
